//种类	//组别	//星级	基础风属性伤害	基础风属性抵抗	基础火属性伤害	基础火属性防御	基础水属性伤害	基础水属性防御	基础雷属性伤害	基础雷属性防御
kind	group	level	baseWindDmg	baseWindDef	baseFireDmg	baseFireDef	baseWaterDmg	baseWaterDef	baseThunderDmg	baseThunderDef
1	1	1	625	0	0	0	0	0	0	0
1	1	2	750	0	0	0	0	0	0	0
1	1	3	875	0	0	0	0	0	0	0
1	1	4	1000	0	0	0	0	0	0	0
1	1	5	1125	0	0	0	0	0	0	0
1	1	6	1250	0	0	0	0	0	0	0
1	1	7	1375	0	0	0	0	0	0	0
1	1	8	1500	0	0	0	0	0	0	0
1	1	9	1625	0	0	0	0	0	0	0
1	1	10	1750	0	0	0	0	0	0	0
1	1	11	1875	0	0	0	0	0	0	0
1	1	12	2000	0	0	0	0	0	0	0
1	1	13	2125	0	0	0	0	0	0	0
1	1	14	2250	0	0	0	0	0	0	0
1	1	15	2375	0	0	0	0	0	0	0
1	1	16	2500	0	0	0	0	0	0	0
1	1	17	2625	0	0	0	0	0	0	0
1	1	18	2750	0	0	0	0	0	0	0
1	1	19	2875	0	0	0	0	0	0	0
1	1	20	3000	0	0	0	0	0	0	0
1	1	21	3125	0	0	0	0	0	0	0
1	1	22	3250	0	0	0	0	0	0	0
1	1	23	3375	0	0	0	0	0	0	0
1	1	24	3500	0	0	0	0	0	0	0
1	1	25	3625	0	0	0	0	0	0	0
1	1	26	3750	0	0	0	0	0	0	0
1	1	27	3875	0	0	0	0	0	0	0
1	1	28	4000	0	0	0	0	0	0	0
1	1	29	4125	0	0	0	0	0	0	0
1	1	30	4250	0	0	0	0	0	0	0
1	1	31	4375	0	0	0	0	0	0	0
1	1	32	4500	0	0	0	0	0	0	0
1	1	33	4625	0	0	0	0	0	0	0
1	1	34	4750	0	0	0	0	0	0	0
1	1	35	4875	0	0	0	0	0	0	0
1	1	36	5000	0	0	0	0	0	0	0
1	2	1	0	312	0	0	0	0	0	0
1	2	2	0	375	0	0	0	0	0	0
1	2	3	0	437	0	0	0	0	0	0
1	2	4	0	500	0	0	0	0	0	0
1	2	5	0	562	0	0	0	0	0	0
1	2	6	0	625	0	0	0	0	0	0
1	2	7	0	687	0	0	0	0	0	0
1	2	8	0	750	0	0	0	0	0	0
1	2	9	0	812	0	0	0	0	0	0
1	2	10	0	875	0	0	0	0	0	0
1	2	11	0	937	0	0	0	0	0	0
1	2	12	0	1000	0	0	0	0	0	0
1	2	13	0	1062	0	0	0	0	0	0
1	2	14	0	1125	0	0	0	0	0	0
1	2	15	0	1187	0	0	0	0	0	0
1	2	16	0	1250	0	0	0	0	0	0
1	2	17	0	1312	0	0	0	0	0	0
1	2	18	0	1375	0	0	0	0	0	0
1	2	19	0	1437	0	0	0	0	0	0
1	2	20	0	1500	0	0	0	0	0	0
1	2	21	0	1562	0	0	0	0	0	0
1	2	22	0	1625	0	0	0	0	0	0
1	2	23	0	1687	0	0	0	0	0	0
1	2	24	0	1750	0	0	0	0	0	0
1	2	25	0	1812	0	0	0	0	0	0
1	2	26	0	1875	0	0	0	0	0	0
1	2	27	0	1937	0	0	0	0	0	0
1	2	28	0	2000	0	0	0	0	0	0
1	2	29	0	2062	0	0	0	0	0	0
1	2	30	0	2125	0	0	0	0	0	0
1	2	31	0	2187	0	0	0	0	0	0
1	2	32	0	2250	0	0	0	0	0	0
1	2	33	0	2312	0	0	0	0	0	0
1	2	34	0	2375	0	0	0	0	0	0
1	2	35	0	2437	0	0	0	0	0	0
1	2	36	0	2500	0	0	0	0	0	0
1	3	1	0	0	625	0	0	0	0	0
1	3	2	0	0	750	0	0	0	0	0
1	3	3	0	0	875	0	0	0	0	0
1	3	4	0	0	1000	0	0	0	0	0
1	3	5	0	0	1125	0	0	0	0	0
1	3	6	0	0	1250	0	0	0	0	0
1	3	7	0	0	1375	0	0	0	0	0
1	3	8	0	0	1500	0	0	0	0	0
1	3	9	0	0	1625	0	0	0	0	0
1	3	10	0	0	1750	0	0	0	0	0
1	3	11	0	0	1875	0	0	0	0	0
1	3	12	0	0	2000	0	0	0	0	0
1	3	13	0	0	2125	0	0	0	0	0
1	3	14	0	0	2250	0	0	0	0	0
1	3	15	0	0	2375	0	0	0	0	0
1	3	16	0	0	2500	0	0	0	0	0
1	3	17	0	0	2625	0	0	0	0	0
1	3	18	0	0	2750	0	0	0	0	0
1	3	19	0	0	2875	0	0	0	0	0
1	3	20	0	0	3000	0	0	0	0	0
1	3	21	0	0	3125	0	0	0	0	0
1	3	22	0	0	3250	0	0	0	0	0
1	3	23	0	0	3375	0	0	0	0	0
1	3	24	0	0	3500	0	0	0	0	0
1	3	25	0	0	3625	0	0	0	0	0
1	3	26	0	0	3750	0	0	0	0	0
1	3	27	0	0	3875	0	0	0	0	0
1	3	28	0	0	4000	0	0	0	0	0
1	3	29	0	0	4125	0	0	0	0	0
1	3	30	0	0	4250	0	0	0	0	0
1	3	31	0	0	4375	0	0	0	0	0
1	3	32	0	0	4500	0	0	0	0	0
1	3	33	0	0	4625	0	0	0	0	0
1	3	34	0	0	4750	0	0	0	0	0
1	3	35	0	0	4875	0	0	0	0	0
1	3	36	0	0	5000	0	0	0	0	0
1	4	1	0	0	0	312	0	0	0	0
1	4	2	0	0	0	375	0	0	0	0
1	4	3	0	0	0	437	0	0	0	0
1	4	4	0	0	0	500	0	0	0	0
1	4	5	0	0	0	562	0	0	0	0
1	4	6	0	0	0	625	0	0	0	0
1	4	7	0	0	0	687	0	0	0	0
1	4	8	0	0	0	750	0	0	0	0
1	4	9	0	0	0	812	0	0	0	0
1	4	10	0	0	0	875	0	0	0	0
1	4	11	0	0	0	937	0	0	0	0
1	4	12	0	0	0	1000	0	0	0	0
1	4	13	0	0	0	1062	0	0	0	0
1	4	14	0	0	0	1125	0	0	0	0
1	4	15	0	0	0	1187	0	0	0	0
1	4	16	0	0	0	1250	0	0	0	0
1	4	17	0	0	0	1312	0	0	0	0
1	4	18	0	0	0	1375	0	0	0	0
1	4	19	0	0	0	1437	0	0	0	0
1	4	20	0	0	0	1500	0	0	0	0
1	4	21	0	0	0	1562	0	0	0	0
1	4	22	0	0	0	1625	0	0	0	0
1	4	23	0	0	0	1687	0	0	0	0
1	4	24	0	0	0	1750	0	0	0	0
1	4	25	0	0	0	1812	0	0	0	0
1	4	26	0	0	0	1875	0	0	0	0
1	4	27	0	0	0	1937	0	0	0	0
1	4	28	0	0	0	2000	0	0	0	0
1	4	29	0	0	0	2062	0	0	0	0
1	4	30	0	0	0	2125	0	0	0	0
1	4	31	0	0	0	2187	0	0	0	0
1	4	32	0	0	0	2250	0	0	0	0
1	4	33	0	0	0	2312	0	0	0	0
1	4	34	0	0	0	2375	0	0	0	0
1	4	35	0	0	0	2437	0	0	0	0
1	4	36	0	0	0	2500	0	0	0	0
1	5	1	0	0	0	0	625	0	0	0
1	5	2	0	0	0	0	750	0	0	0
1	5	3	0	0	0	0	875	0	0	0
1	5	4	0	0	0	0	1000	0	0	0
1	5	5	0	0	0	0	1125	0	0	0
1	5	6	0	0	0	0	1250	0	0	0
1	5	7	0	0	0	0	1375	0	0	0
1	5	8	0	0	0	0	1500	0	0	0
1	5	9	0	0	0	0	1625	0	0	0
1	5	10	0	0	0	0	1750	0	0	0
1	5	11	0	0	0	0	1875	0	0	0
1	5	12	0	0	0	0	2000	0	0	0
1	5	13	0	0	0	0	2125	0	0	0
1	5	14	0	0	0	0	2250	0	0	0
1	5	15	0	0	0	0	2375	0	0	0
1	5	16	0	0	0	0	2500	0	0	0
1	5	17	0	0	0	0	2625	0	0	0
1	5	18	0	0	0	0	2750	0	0	0
1	5	19	0	0	0	0	2875	0	0	0
1	5	20	0	0	0	0	3000	0	0	0
1	5	21	0	0	0	0	3125	0	0	0
1	5	22	0	0	0	0	3250	0	0	0
1	5	23	0	0	0	0	3375	0	0	0
1	5	24	0	0	0	0	3500	0	0	0
1	5	25	0	0	0	0	3625	0	0	0
1	5	26	0	0	0	0	3750	0	0	0
1	5	27	0	0	0	0	3875	0	0	0
1	5	28	0	0	0	0	4000	0	0	0
1	5	29	0	0	0	0	4125	0	0	0
1	5	30	0	0	0	0	4250	0	0	0
1	5	31	0	0	0	0	4375	0	0	0
1	5	32	0	0	0	0	4500	0	0	0
1	5	33	0	0	0	0	4625	0	0	0
1	5	34	0	0	0	0	4750	0	0	0
1	5	35	0	0	0	0	4875	0	0	0
1	5	36	0	0	0	0	5000	0	0	0
1	6	1	0	0	0	0	0	312	0	0
1	6	2	0	0	0	0	0	375	0	0
1	6	3	0	0	0	0	0	437	0	0
1	6	4	0	0	0	0	0	500	0	0
1	6	5	0	0	0	0	0	562	0	0
1	6	6	0	0	0	0	0	625	0	0
1	6	7	0	0	0	0	0	687	0	0
1	6	8	0	0	0	0	0	750	0	0
1	6	9	0	0	0	0	0	812	0	0
1	6	10	0	0	0	0	0	875	0	0
1	6	11	0	0	0	0	0	937	0	0
1	6	12	0	0	0	0	0	1000	0	0
1	6	13	0	0	0	0	0	1062	0	0
1	6	14	0	0	0	0	0	1125	0	0
1	6	15	0	0	0	0	0	1187	0	0
1	6	16	0	0	0	0	0	1250	0	0
1	6	17	0	0	0	0	0	1312	0	0
1	6	18	0	0	0	0	0	1375	0	0
1	6	19	0	0	0	0	0	1437	0	0
1	6	20	0	0	0	0	0	1500	0	0
1	6	21	0	0	0	0	0	1562	0	0
1	6	22	0	0	0	0	0	1625	0	0
1	6	23	0	0	0	0	0	1687	0	0
1	6	24	0	0	0	0	0	1750	0	0
1	6	25	0	0	0	0	0	1812	0	0
1	6	26	0	0	0	0	0	1875	0	0
1	6	27	0	0	0	0	0	1937	0	0
1	6	28	0	0	0	0	0	2000	0	0
1	6	29	0	0	0	0	0	2062	0	0
1	6	30	0	0	0	0	0	2125	0	0
1	6	31	0	0	0	0	0	2187	0	0
1	6	32	0	0	0	0	0	2250	0	0
1	6	33	0	0	0	0	0	2312	0	0
1	6	34	0	0	0	0	0	2375	0	0
1	6	35	0	0	0	0	0	2437	0	0
1	6	36	0	0	0	0	0	2500	0	0
1	7	1	0	0	0	0	0	0	625	0
1	7	2	0	0	0	0	0	0	750	0
1	7	3	0	0	0	0	0	0	875	0
1	7	4	0	0	0	0	0	0	1000	0
1	7	5	0	0	0	0	0	0	1125	0
1	7	6	0	0	0	0	0	0	1250	0
1	7	7	0	0	0	0	0	0	1375	0
1	7	8	0	0	0	0	0	0	1500	0
1	7	9	0	0	0	0	0	0	1625	0
1	7	10	0	0	0	0	0	0	1750	0
1	7	11	0	0	0	0	0	0	1875	0
1	7	12	0	0	0	0	0	0	2000	0
1	7	13	0	0	0	0	0	0	2125	0
1	7	14	0	0	0	0	0	0	2250	0
1	7	15	0	0	0	0	0	0	2375	0
1	7	16	0	0	0	0	0	0	2500	0
1	7	17	0	0	0	0	0	0	2625	0
1	7	18	0	0	0	0	0	0	2750	0
1	7	19	0	0	0	0	0	0	2875	0
1	7	20	0	0	0	0	0	0	3000	0
1	7	21	0	0	0	0	0	0	3125	0
1	7	22	0	0	0	0	0	0	3250	0
1	7	23	0	0	0	0	0	0	3375	0
1	7	24	0	0	0	0	0	0	3500	0
1	7	25	0	0	0	0	0	0	3625	0
1	7	26	0	0	0	0	0	0	3750	0
1	7	27	0	0	0	0	0	0	3875	0
1	7	28	0	0	0	0	0	0	4000	0
1	7	29	0	0	0	0	0	0	4125	0
1	7	30	0	0	0	0	0	0	4250	0
1	7	31	0	0	0	0	0	0	4375	0
1	7	32	0	0	0	0	0	0	4500	0
1	7	33	0	0	0	0	0	0	4625	0
1	7	34	0	0	0	0	0	0	4750	0
1	7	35	0	0	0	0	0	0	4875	0
1	7	36	0	0	0	0	0	0	5000	0
1	8	1	0	0	0	0	0	0	0	312
1	8	2	0	0	0	0	0	0	0	375
1	8	3	0	0	0	0	0	0	0	437
1	8	4	0	0	0	0	0	0	0	500
1	8	5	0	0	0	0	0	0	0	562
1	8	6	0	0	0	0	0	0	0	625
1	8	7	0	0	0	0	0	0	0	687
1	8	8	0	0	0	0	0	0	0	750
1	8	9	0	0	0	0	0	0	0	812
1	8	10	0	0	0	0	0	0	0	875
1	8	11	0	0	0	0	0	0	0	937
1	8	12	0	0	0	0	0	0	0	1000
1	8	13	0	0	0	0	0	0	0	1062
1	8	14	0	0	0	0	0	0	0	1125
1	8	15	0	0	0	0	0	0	0	1187
1	8	16	0	0	0	0	0	0	0	1250
1	8	17	0	0	0	0	0	0	0	1312
1	8	18	0	0	0	0	0	0	0	1375
1	8	19	0	0	0	0	0	0	0	1437
1	8	20	0	0	0	0	0	0	0	1500
1	8	21	0	0	0	0	0	0	0	1562
1	8	22	0	0	0	0	0	0	0	1625
1	8	23	0	0	0	0	0	0	0	1687
1	8	24	0	0	0	0	0	0	0	1750
1	8	25	0	0	0	0	0	0	0	1812
1	8	26	0	0	0	0	0	0	0	1875
1	8	27	0	0	0	0	0	0	0	1937
1	8	28	0	0	0	0	0	0	0	2000
1	8	29	0	0	0	0	0	0	0	2062
1	8	30	0	0	0	0	0	0	0	2125
1	8	31	0	0	0	0	0	0	0	2187
1	8	32	0	0	0	0	0	0	0	2250
1	8	33	0	0	0	0	0	0	0	2312
1	8	34	0	0	0	0	0	0	0	2375
1	8	35	0	0	0	0	0	0	0	2437
1	8	36	0	0	0	0	0	0	0	2500
2	1	1	0	0	0	0	0	0	625	0
2	1	2	0	0	0	0	0	0	750	0
2	1	3	0	0	0	0	0	0	875	0
2	1	4	0	0	0	0	0	0	1000	0
2	1	5	0	0	0	0	0	0	1125	0
2	1	6	0	0	0	0	0	0	1250	0
2	1	7	0	0	0	0	0	0	1375	0
2	1	8	0	0	0	0	0	0	1500	0
2	1	9	0	0	0	0	0	0	1625	0
2	1	10	0	0	0	0	0	0	1750	0
2	1	11	0	0	0	0	0	0	1875	0
2	1	12	0	0	0	0	0	0	2000	0
2	1	13	0	0	0	0	0	0	2125	0
2	1	14	0	0	0	0	0	0	2250	0
2	1	15	0	0	0	0	0	0	2375	0
2	1	16	0	0	0	0	0	0	2500	0
2	1	17	0	0	0	0	0	0	2625	0
2	1	18	0	0	0	0	0	0	2750	0
2	1	19	0	0	0	0	0	0	2875	0
2	1	20	0	0	0	0	0	0	3000	0
2	1	21	0	0	0	0	0	0	3125	0
2	1	22	0	0	0	0	0	0	3250	0
2	1	23	0	0	0	0	0	0	3375	0
2	1	24	0	0	0	0	0	0	3500	0
2	1	25	0	0	0	0	0	0	3625	0
2	1	26	0	0	0	0	0	0	3750	0
2	1	27	0	0	0	0	0	0	3875	0
2	1	28	0	0	0	0	0	0	4000	0
2	1	29	0	0	0	0	0	0	4125	0
2	1	30	0	0	0	0	0	0	4250	0
2	1	31	0	0	0	0	0	0	4375	0
2	1	32	0	0	0	0	0	0	4500	0
2	1	33	0	0	0	0	0	0	4625	0
2	1	34	0	0	0	0	0	0	4750	0
2	1	35	0	0	0	0	0	0	4875	0
2	1	36	0	0	0	0	0	0	5000	0
3	1	1	0	0	0	0	625	0	0	0
3	1	2	0	0	0	0	750	0	0	0
3	1	3	0	0	0	0	875	0	0	0
3	1	4	0	0	0	0	1000	0	0	0
3	1	5	0	0	0	0	1125	0	0	0
3	1	6	0	0	0	0	1250	0	0	0
3	1	7	0	0	0	0	1375	0	0	0
3	1	8	0	0	0	0	1500	0	0	0
3	1	9	0	0	0	0	1625	0	0	0
3	1	10	0	0	0	0	1750	0	0	0
3	1	11	0	0	0	0	1875	0	0	0
3	1	12	0	0	0	0	2000	0	0	0
3	1	13	0	0	0	0	2125	0	0	0
3	1	14	0	0	0	0	2250	0	0	0
3	1	15	0	0	0	0	2375	0	0	0
3	1	16	0	0	0	0	2500	0	0	0
3	1	17	0	0	0	0	2625	0	0	0
3	1	18	0	0	0	0	2750	0	0	0
3	1	19	0	0	0	0	2875	0	0	0
3	1	20	0	0	0	0	3000	0	0	0
3	1	21	0	0	0	0	3125	0	0	0
3	1	22	0	0	0	0	3250	0	0	0
3	1	23	0	0	0	0	3375	0	0	0
3	1	24	0	0	0	0	3500	0	0	0
3	1	25	0	0	0	0	3625	0	0	0
3	1	26	0	0	0	0	3750	0	0	0
3	1	27	0	0	0	0	3875	0	0	0
3	1	28	0	0	0	0	4000	0	0	0
3	1	29	0	0	0	0	4125	0	0	0
3	1	30	0	0	0	0	4250	0	0	0
3	1	31	0	0	0	0	4375	0	0	0
3	1	32	0	0	0	0	4500	0	0	0
3	1	33	0	0	0	0	4625	0	0	0
3	1	34	0	0	0	0	4750	0	0	0
3	1	35	0	0	0	0	4875	0	0	0
3	1	36	0	0	0	0	5000	0	0	0
4	1	1	0	0	625	0	0	0	0	0
4	1	2	0	0	750	0	0	0	0	0
4	1	3	0	0	875	0	0	0	0	0
4	1	4	0	0	1000	0	0	0	0	0
4	1	5	0	0	1125	0	0	0	0	0
4	1	6	0	0	1250	0	0	0	0	0
4	1	7	0	0	1375	0	0	0	0	0
4	1	8	0	0	1500	0	0	0	0	0
4	1	9	0	0	1625	0	0	0	0	0
4	1	10	0	0	1750	0	0	0	0	0
4	1	11	0	0	1875	0	0	0	0	0
4	1	12	0	0	2000	0	0	0	0	0
4	1	13	0	0	2125	0	0	0	0	0
4	1	14	0	0	2250	0	0	0	0	0
4	1	15	0	0	2375	0	0	0	0	0
4	1	16	0	0	2500	0	0	0	0	0
4	1	17	0	0	2625	0	0	0	0	0
4	1	18	0	0	2750	0	0	0	0	0
4	1	19	0	0	2875	0	0	0	0	0
4	1	20	0	0	3000	0	0	0	0	0
4	1	21	0	0	3125	0	0	0	0	0
4	1	22	0	0	3250	0	0	0	0	0
4	1	23	0	0	3375	0	0	0	0	0
4	1	24	0	0	3500	0	0	0	0	0
4	1	25	0	0	3625	0	0	0	0	0
4	1	26	0	0	3750	0	0	0	0	0
4	1	27	0	0	3875	0	0	0	0	0
4	1	28	0	0	4000	0	0	0	0	0
4	1	29	0	0	4125	0	0	0	0	0
4	1	30	0	0	4250	0	0	0	0	0
4	1	31	0	0	4375	0	0	0	0	0
4	1	32	0	0	4500	0	0	0	0	0
4	1	33	0	0	4625	0	0	0	0	0
4	1	34	0	0	4750	0	0	0	0	0
4	1	35	0	0	4875	0	0	0	0	0
4	1	36	0	0	5000	0	0	0	0	0
5	1	1	625	0	0	0	0	0	0	0
5	1	2	750	0	0	0	0	0	0	0
5	1	3	875	0	0	0	0	0	0	0
5	1	4	1000	0	0	0	0	0	0	0
5	1	5	1125	0	0	0	0	0	0	0
5	1	6	1250	0	0	0	0	0	0	0
5	1	7	1375	0	0	0	0	0	0	0
5	1	8	1500	0	0	0	0	0	0	0
5	1	9	1625	0	0	0	0	0	0	0
5	1	10	1750	0	0	0	0	0	0	0
5	1	11	1875	0	0	0	0	0	0	0
5	1	12	2000	0	0	0	0	0	0	0
5	1	13	2125	0	0	0	0	0	0	0
5	1	14	2250	0	0	0	0	0	0	0
5	1	15	2375	0	0	0	0	0	0	0
5	1	16	2500	0	0	0	0	0	0	0
5	1	17	2625	0	0	0	0	0	0	0
5	1	18	2750	0	0	0	0	0	0	0
5	1	19	2875	0	0	0	0	0	0	0
5	1	20	3000	0	0	0	0	0	0	0
5	1	21	3125	0	0	0	0	0	0	0
5	1	22	3250	0	0	0	0	0	0	0
5	1	23	3375	0	0	0	0	0	0	0
5	1	24	3500	0	0	0	0	0	0	0
5	1	25	3625	0	0	0	0	0	0	0
5	1	26	3750	0	0	0	0	0	0	0
5	1	27	3875	0	0	0	0	0	0	0
5	1	28	4000	0	0	0	0	0	0	0
5	1	29	4125	0	0	0	0	0	0	0
5	1	30	4250	0	0	0	0	0	0	0
5	1	31	4375	0	0	0	0	0	0	0
5	1	32	4500	0	0	0	0	0	0	0
5	1	33	4625	0	0	0	0	0	0	0
5	1	34	4750	0	0	0	0	0	0	0
5	1	35	4875	0	0	0	0	0	0	0
5	1	36	5000	0	0	0	0	0	0	0
6	1	1	0	312	0	0	0	0	0	0
6	1	2	0	375	0	0	0	0	0	0
6	1	3	0	437	0	0	0	0	0	0
6	1	4	0	500	0	0	0	0	0	0
6	1	5	0	562	0	0	0	0	0	0
6	1	6	0	625	0	0	0	0	0	0
6	1	7	0	687	0	0	0	0	0	0
6	1	8	0	750	0	0	0	0	0	0
6	1	9	0	812	0	0	0	0	0	0
6	1	10	0	875	0	0	0	0	0	0
6	1	11	0	937	0	0	0	0	0	0
6	1	12	0	1000	0	0	0	0	0	0
6	1	13	0	1062	0	0	0	0	0	0
6	1	14	0	1125	0	0	0	0	0	0
6	1	15	0	1187	0	0	0	0	0	0
6	1	16	0	1250	0	0	0	0	0	0
6	1	17	0	1312	0	0	0	0	0	0
6	1	18	0	1375	0	0	0	0	0	0
6	1	19	0	1437	0	0	0	0	0	0
6	1	20	0	1500	0	0	0	0	0	0
6	1	21	0	1562	0	0	0	0	0	0
6	1	22	0	1625	0	0	0	0	0	0
6	1	23	0	1687	0	0	0	0	0	0
6	1	24	0	1750	0	0	0	0	0	0
6	1	25	0	1812	0	0	0	0	0	0
6	1	26	0	1875	0	0	0	0	0	0
6	1	27	0	1937	0	0	0	0	0	0
6	1	28	0	2000	0	0	0	0	0	0
6	1	29	0	2062	0	0	0	0	0	0
6	1	30	0	2125	0	0	0	0	0	0
6	1	31	0	2187	0	0	0	0	0	0
6	1	32	0	2250	0	0	0	0	0	0
6	1	33	0	2312	0	0	0	0	0	0
6	1	34	0	2375	0	0	0	0	0	0
6	1	35	0	2437	0	0	0	0	0	0
6	1	36	0	2500	0	0	0	0	0	0
6	2	1	0	0	0	312	0	0	0	0
6	2	2	0	0	0	375	0	0	0	0
6	2	3	0	0	0	437	0	0	0	0
6	2	4	0	0	0	500	0	0	0	0
6	2	5	0	0	0	562	0	0	0	0
6	2	6	0	0	0	625	0	0	0	0
6	2	7	0	0	0	687	0	0	0	0
6	2	8	0	0	0	750	0	0	0	0
6	2	9	0	0	0	812	0	0	0	0
6	2	10	0	0	0	875	0	0	0	0
6	2	11	0	0	0	937	0	0	0	0
6	2	12	0	0	0	1000	0	0	0	0
6	2	13	0	0	0	1062	0	0	0	0
6	2	14	0	0	0	1125	0	0	0	0
6	2	15	0	0	0	1187	0	0	0	0
6	2	16	0	0	0	1250	0	0	0	0
6	2	17	0	0	0	1312	0	0	0	0
6	2	18	0	0	0	1375	0	0	0	0
6	2	19	0	0	0	1437	0	0	0	0
6	2	20	0	0	0	1500	0	0	0	0
6	2	21	0	0	0	1562	0	0	0	0
6	2	22	0	0	0	1625	0	0	0	0
6	2	23	0	0	0	1687	0	0	0	0
6	2	24	0	0	0	1750	0	0	0	0
6	2	25	0	0	0	1812	0	0	0	0
6	2	26	0	0	0	1875	0	0	0	0
6	2	27	0	0	0	1937	0	0	0	0
6	2	28	0	0	0	2000	0	0	0	0
6	2	29	0	0	0	2062	0	0	0	0
6	2	30	0	0	0	2125	0	0	0	0
6	2	31	0	0	0	2187	0	0	0	0
6	2	32	0	0	0	2250	0	0	0	0
6	2	33	0	0	0	2312	0	0	0	0
6	2	34	0	0	0	2375	0	0	0	0
6	2	35	0	0	0	2437	0	0	0	0
6	2	36	0	0	0	2500	0	0	0	0
6	3	1	0	0	0	0	0	312	0	0
6	3	2	0	0	0	0	0	375	0	0
6	3	3	0	0	0	0	0	437	0	0
6	3	4	0	0	0	0	0	500	0	0
6	3	5	0	0	0	0	0	562	0	0
6	3	6	0	0	0	0	0	625	0	0
6	3	7	0	0	0	0	0	687	0	0
6	3	8	0	0	0	0	0	750	0	0
6	3	9	0	0	0	0	0	812	0	0
6	3	10	0	0	0	0	0	875	0	0
6	3	11	0	0	0	0	0	937	0	0
6	3	12	0	0	0	0	0	1000	0	0
6	3	13	0	0	0	0	0	1062	0	0
6	3	14	0	0	0	0	0	1125	0	0
6	3	15	0	0	0	0	0	1187	0	0
6	3	16	0	0	0	0	0	1250	0	0
6	3	17	0	0	0	0	0	1312	0	0
6	3	18	0	0	0	0	0	1375	0	0
6	3	19	0	0	0	0	0	1437	0	0
6	3	20	0	0	0	0	0	1500	0	0
6	3	21	0	0	0	0	0	1562	0	0
6	3	22	0	0	0	0	0	1625	0	0
6	3	23	0	0	0	0	0	1687	0	0
6	3	24	0	0	0	0	0	1750	0	0
6	3	25	0	0	0	0	0	1812	0	0
6	3	26	0	0	0	0	0	1875	0	0
6	3	27	0	0	0	0	0	1937	0	0
6	3	28	0	0	0	0	0	2000	0	0
6	3	29	0	0	0	0	0	2062	0	0
6	3	30	0	0	0	0	0	2125	0	0
6	3	31	0	0	0	0	0	2187	0	0
6	3	32	0	0	0	0	0	2250	0	0
6	3	33	0	0	0	0	0	2312	0	0
6	3	34	0	0	0	0	0	2375	0	0
6	3	35	0	0	0	0	0	2437	0	0
6	3	36	0	0	0	0	0	2500	0	0
6	4	1	0	0	0	0	0	0	0	312
6	4	2	0	0	0	0	0	0	0	375
6	4	3	0	0	0	0	0	0	0	437
6	4	4	0	0	0	0	0	0	0	500
6	4	5	0	0	0	0	0	0	0	562
6	4	6	0	0	0	0	0	0	0	625
6	4	7	0	0	0	0	0	0	0	687
6	4	8	0	0	0	0	0	0	0	750
6	4	9	0	0	0	0	0	0	0	812
6	4	10	0	0	0	0	0	0	0	875
6	4	11	0	0	0	0	0	0	0	937
6	4	12	0	0	0	0	0	0	0	1000
6	4	13	0	0	0	0	0	0	0	1062
6	4	14	0	0	0	0	0	0	0	1125
6	4	15	0	0	0	0	0	0	0	1187
6	4	16	0	0	0	0	0	0	0	1250
6	4	17	0	0	0	0	0	0	0	1312
6	4	18	0	0	0	0	0	0	0	1375
6	4	19	0	0	0	0	0	0	0	1437
6	4	20	0	0	0	0	0	0	0	1500
6	4	21	0	0	0	0	0	0	0	1562
6	4	22	0	0	0	0	0	0	0	1625
6	4	23	0	0	0	0	0	0	0	1687
6	4	24	0	0	0	0	0	0	0	1750
6	4	25	0	0	0	0	0	0	0	1812
6	4	26	0	0	0	0	0	0	0	1875
6	4	27	0	0	0	0	0	0	0	1937
6	4	28	0	0	0	0	0	0	0	2000
6	4	29	0	0	0	0	0	0	0	2062
6	4	30	0	0	0	0	0	0	0	2125
6	4	31	0	0	0	0	0	0	0	2187
6	4	32	0	0	0	0	0	0	0	2250
6	4	33	0	0	0	0	0	0	0	2312
6	4	34	0	0	0	0	0	0	0	2375
6	4	35	0	0	0	0	0	0	0	2437
6	4	36	0	0	0	0	0	0	0	2500