//宠物ID	等级	基础生命	基础物理攻击	基础物理防御	基础法术攻击	基础法术防御	基础元素攻	基础元素防
null	null	baseHP	basePhyAtk	basePhyDef	baseMagAtk	baseMagDef	baseEleAtk	baseEleDef
8574	1	12240	306	31	306	31	0	0
8575	1	14280	357	36	357	36	0	0
8576	1	16320	408	41	408	41	0	0
8577	1	18360	459	46	459	46	0	0
8578	1	20400	510	51	510	51	0	0
10216	1	7140	357	71	357	71	0	0
10217	1	8330	417	83	417	83	0	0
10218	1	9520	476	95	476	95	0	0
10219	1	10710	536	107	536	107	0	0
10220	1	11900	595	119	595	119	0	0
10480	1	7140	357	71	357	71	0	0
10481	1	8330	417	83	417	83	0	0
10482	1	9520	476	95	476	95	0	0
10483	1	10710	536	107	536	107	0	0
10484	1	11900	595	119	595	119	0	0
10485	1	8160	408	82	408	82	0	0
10486	1	9520	476	95	476	95	0	0
10487	1	10880	544	109	544	109	0	0
10488	1	12240	612	122	612	122	0	0
10489	1	13600	680	136	680	136	0	0
10490	1	8160	408	82	408	82	0	0
10491	1	9520	476	95	476	95	0	0
10492	1	10880	544	109	544	109	0	0
10493	1	12240	612	122	612	122	0	0
10494	1	13600	680	136	680	136	0	0
10576	1	15300	765	51	765	51	0	0
10577	1	17850	893	60	893	60	0	0
10578	1	20400	1020	68	1020	68	0	0
10579	1	22950	1148	77	1148	77	0	0
10580	1	25500	1275	85	1275	85	0	0
10675	1	8160	816	41	816	41	0	0
10676	1	9520	952	48	952	48	0	0
10677	1	10880	1088	54	1088	54	0	0
10678	1	12240	1224	61	1224	61	0	0
10679	1	13600	1360	68	1360	68	0	0
10680	1	8160	204	82	204	122	0	0
10681	1	9520	238	95	238	143	0	0
10682	1	10880	272	109	272	163	0	0
10683	1	12240	306	122	306	184	0	0
10684	1	13600	340	136	340	204	0	0
10685	1	9180	689	92	689	46	0	0
10686	1	10710	803	107	803	54	0	0
10687	1	12240	918	122	918	61	0	0
10688	1	13770	1033	138	1033	69	0	0
10689	1	15300	1148	153	1148	77	0	0
10690	1	4080	204	122	204	122	0	0
10691	1	4760	238	143	238	143	0	0
10692	1	5440	272	163	272	163	0	0
10693	1	6120	306	184	306	184	0	0
10694	1	6800	340	204	340	204	0	0
10707	1	9180	230	184	230	46	0	0
10708	1	10710	268	214	268	54	0	0
10709	1	12240	306	245	306	61	0	0
10710	1	13770	344	275	344	69	0	0
10711	1	15300	383	306	383	77	0	0
10712	1	18360	459	46	459	46	0	0
10713	1	21420	536	54	536	54	0	0
10714	1	24480	612	61	612	61	0	0
10715	1	27540	689	69	689	69	0	0
10716	1	30600	765	77	765	77	0	0
11287	1	10200	765	77	765	77	0	0
11288	1	11900	893	89	893	89	0	0
11289	1	13600	1020	102	1020	102	0	0
11290	1	15300	1148	115	1148	115	0	0
11291	1	17000	1275	128	1275	128	0	0
11400	1	10200	765	102	765	51	0	0
11401	1	11900	893	119	893	60	0	0
11402	1	13600	1020	136	1020	68	0	0
11403	1	15300	1148	153	1148	77	0	0
11404	1	17000	1275	170	1275	85	0	0
11460	1	10200	510	102	510	102	0	0
11461	1	11900	595	119	595	119	0	0
11462	1	13600	680	136	680	136	0	0
11463	1	15300	765	153	765	153	0	0
11464	1	17000	850	170	850	170	0	0
11570	1	22950	255	51	255	77	0	0
11571	1	26775	298	60	298	89	0	0
11572	1	30600	340	68	340	102	0	0
11573	1	34425	383	77	383	115	0	0
11574	1	38250	425	85	425	128	0	0
11581	1	10200	765	51	765	102	0	0
11582	1	11900	893	60	893	119	0	0
11583	1	13600	1020	68	1020	136	0	0
11584	1	15300	1148	77	1148	153	0	0
11585	1	17000	1275	85	1275	170	0	0
11602	1	10200	510	102	510	102	0	0
11603	1	11900	595	119	595	119	0	0
11604	1	13600	680	136	680	136	0	0
11605	1	15300	765	153	765	153	0	0
11606	1	17000	850	170	850	170	0	0
11607	1	15300	255	102	255	102	0	0
11608	1	17850	298	119	298	119	0	0
11609	1	20400	340	136	340	136	0	0
11610	1	22950	383	153	383	153	0	0
11611	1	25500	425	170	425	170	0	0
11612	1	10200	510	153	510	51	0	0
11613	1	11900	595	179	595	60	0	0
11614	1	13600	680	204	680	68	0	0
11615	1	15300	765	230	765	77	0	0
11616	1	17000	850	255	850	85	0	0
11617	1	10200	510	51	510	153	0	0
11618	1	11900	595	60	595	179	0	0
11619	1	13600	680	68	680	204	0	0
11620	1	15300	765	77	765	230	0	0
11621	1	17000	850	85	850	255	0	0
10318	1	5100	765	102	765	102	0	0
10319	1	5950	893	119	893	119	0	0
10320	1	6800	1020	136	1020	136	0	0
10321	1	7650	1148	153	1148	153	0	0
10322	1	8500	1275	170	1275	170	0	0
11681	1	5100	1020	102	1020	51	0	0
11682	1	5950	1190	119	1190	60	0	0
11683	1	6800	1360	136	1360	68	0	0
11684	1	7650	1530	153	1530	77	0	0
11685	1	8500	1700	170	1700	85	0	0
11697	1	5100	1020	77	1020	77	0	0
11698	1	5950	1190	89	1190	89	0	0
11699	1	6800	1360	102	1360	102	0	0
11700	1	7650	1530	115	1530	115	0	0
11701	1	8500	1700	128	1700	128	0	0
11837	1	5100	867	133	867	51	0	0
11838	1	5950	1012	155	1012	60	0	0
11839	1	6800	1156	177	1156	68	0	0
11840	1	7650	1301	199	1301	77	0	0
11841	1	8500	1445	221	1445	85	0	0
11842	1	17340	255	51	255	133	0	0
11843	1	20230	298	60	298	155	0	0
11844	1	23120	340	68	340	177	0	0
11845	1	26010	383	77	383	199	0	0
11846	1	28900	425	85	425	221	0	0
12677	1	5100	765	102	765	102	0	0
12678	1	5950	893	119	893	119	0	0
12679	1	6800	1020	136	1020	136	0	0
12680	1	7650	1148	153	1148	153	0	0
12681	1	8500	1275	170	1275	170	0	0
12696	1	10200	765	102	765	51	0	0
12697	1	11900	893	119	893	60	0	0
12698	1	13600	1020	136	1020	68	0	0
12699	1	15300	1148	153	1148	77	0	0
12700	1	17000	1275	170	1275	85	0	0
12701	1	10200	765	51	765	102	0	0
12702	1	11900	893	60	893	119	0	0
12703	1	13600	1020	68	1020	136	0	0
12704	1	15300	1148	77	1148	153	0	0
12705	1	17000	1275	85	1275	170	0	0
12910	1	8160	408	82	408	82	0	0
12911	1	9520	476	95	476	95	0	0
12912	1	10880	544	109	544	109	0	0
12913	1	12240	612	122	612	122	0	0
12914	1	13600	680	136	680	136	0	0
12915	1	8160	408	82	408	82	0	0
12916	1	9520	476	95	476	95	0	0
12917	1	10880	544	109	544	109	0	0
12918	1	12240	612	122	612	122	0	0
12919	1	13600	680	136	680	136	0	0
12935	1	7140	357	71	357	71	0	0
12936	1	8330	417	83	417	83	0	0
12937	1	9520	476	95	476	95	0	0
12938	1	10710	536	107	536	107	0	0
12939	1	11900	595	119	595	119	0	0
13069	1	8160	612	102	612	102	0	0
13070	1	9520	714	119	714	119	0	0
13071	1	10880	816	136	816	136	0	0
13072	1	12240	918	153	918	153	0	0
13073	1	13600	1020	170	1020	170	0	0
13418	1	8160	408	122	408	122	0	0
13419	1	9520	476	143	476	143	0	0
13420	1	10880	544	163	544	163	0	0
13421	1	12240	612	184	612	184	0	0
13422	1	13600	680	204	680	204	0	0
13585	1	5100	765	102	765	102	0	0
13586	1	5950	893	119	893	119	0	0
13587	1	6800	1020	136	1020	136	0	0
13588	1	7650	1148	153	1148	153	0	0
13589	1	8500	1275	170	1275	170	0	0
14183	1	15300	255	102	255	102	0	0
14184	1	17850	298	119	298	119	0	0
14185	1	20400	340	136	340	136	0	0
14186	1	22950	383	153	383	153	0	0
14187	1	25500	425	170	425	170	0	0
14229	1	10200	765	102	765	102	0	0
14230	1	11900	893	119	893	119	0	0
14231	1	13600	1020	136	1020	136	0	0
14232	1	15300	1148	153	1148	153	0	0
14233	1	17000	1275	170	1275	170	0	0
14234	1	17000	1275	170	1275	170	0	0
14235	1	17000	1275	170	1275	170	0	0
14236	1	17000	1275	170	1275	170	0	0
15074	1	10200	510	102	510	102	0	0
15075	1	11900	595	119	595	119	0	0
15076	1	13600	680	136	680	136	0	0
15077	1	15300	765	153	765	153	0	0
15078	1	17000	850	170	850	170	0	0
15160	1	5100	255	153	255	153	0	0
15161	1	5950	298	179	298	179	0	0
15162	1	6800	340	204	340	204	0	0
15163	1	7650	383	230	383	230	0	0
15164	1	8500	425	255	425	255	0	0
15165	1	15300	510	102	510	102	0	0
15166	1	17850	595	119	595	119	0	0
15167	1	20400	680	136	680	136	0	0
15168	1	22950	765	153	765	153	0	0
15169	1	25500	850	170	850	170	0	0
15170	1	25500	850	170	850	170	0	0
15171	1	25500	850	170	850	170	0	0
15172	1	25500	850	170	850	170	0	0
15173	1	5100	1020	153	1020	51	0	0
15174	1	5950	1190	179	1190	60	0	0
15175	1	6800	1360	204	1360	68	0	0
15176	1	7650	1530	230	1530	77	0	0
15177	1	8500	1700	255	1700	85	0	0
15178	1	8500	1700	255	1700	85	0	0
15179	1	8500	1700	255	1700	85	0	0
15180	1	8500	1700	255	1700	85	0	0
15566	1	5100	765	102	765	102	0	0
15567	1	5950	893	119	893	119	0	0
15568	1	6800	1020	136	1020	136	0	0
15569	1	7650	1148	153	1148	153	0	0
15570	1	8500	1275	170	1275	170	0	0
16018	1	8160	612	102	612	102	0	0
16019	1	8160	612	102	612	102	0	0
16111	1	10200	765	153	765	51	0	0
16112	1	11900	893	179	893	60	0	0
16113	1	13600	1020	204	1020	68	0	0
16114	1	15300	1148	230	1148	77	0	0
16115	1	17000	1275	255	1275	85	0	0
16116	1	17000	1275	255	1275	85	0	0
16117	1	17000	1275	255	1275	85	0	0
16118	1	17000	1275	255	1275	85	0	0
16231	1	10200	1020	51	1020	51	0	0
16232	1	11900	1190	60	1190	60	0	0
16233	1	13600	1360	68	1360	68	0	0
16234	1	15300	1530	77	1530	77	0	0
16235	1	17000	1700	85	1700	85	0	0
16302	1	10200	510	51	510	204	0	0
16303	1	11900	595	60	595	238	0	0
16304	1	13600	680	68	680	272	0	0
16305	1	15300	765	77	765	306	0	0
16306	1	17000	850	85	850	340	0	0
16307	1	17000	850	85	850	340	0	0
16308	1	17000	850	85	850	340	0	0
16309	1	17000	850	85	850	340	0	0
16667	1	15300	765	77	765	77	0	0
16668	1	17850	893	89	893	89	0	0
16669	1	20400	1020	102	1020	102	0	0
16670	1	22950	1148	115	1148	115	0	0
16671	1	25500	1275	128	1275	128	0	0
16672	1	25500	1275	128	1275	128	0	0
16673	1	25500	1275	128	1275	128	0	0
16674	1	25500	1275	128	1275	128	0	0
16995	1	15300	1020	153	1020	102	0	0
16996	1	17850	1190	179	1190	119	0	0
16997	1	20400	1360	204	1360	136	0	0
16998	1	22950	1530	230	1530	153	0	0
16999	1	25500	1700	255	1700	170	0	0
17006	1	25500	1700	255	1700	170	0	0
17007	1	25500	1700	255	1700	170	0	0
17008	1	25500	1700	255	1700	170	0	0
17119	1	20400	765	102	765	153	0	0
17120	1	23800	893	119	893	179	0	0
17121	1	27200	1020	136	1020	204	0	0
17122	1	30600	1148	153	1148	230	0	0
17123	1	34000	1275	170	1275	255	0	0
17124	1	34000	1275	170	1275	255	0	0
17125	1	34000	1275	170	1275	255	0	0
17126	1	34000	1275	170	1275	255	0	0
17360	1	20400	765	153	765	102	0	0
17361	1	23800	893	179	893	119	0	0
17362	1	27200	1020	204	1020	136	0	0
17363	1	30600	1148	230	1148	153	0	0
17364	1	34000	1275	255	1275	170	0	0
17365	1	34000	1275	255	1275	170	0	0
17366	1	34000	1275	255	1275	170	0	0
17367	1	34000	1275	255	1275	170	0	0
17737	1	20400	765	128	765	128	0	0
17738	1	23800	893	149	893	149	0	0
17739	1	27200	1020	170	1020	170	0	0
17740	1	30600	1148	191	1148	191	0	0
17741	1	34000	1275	213	1275	213	0	0
17742	1	34000	1275	213	1275	213	0	0
17743	1	34000	1275	213	1275	213	0	0
17744	1	34000	1275	213	1275	213	0	0
18495	1	15300	1020	102	1020	153	0	0
18496	1	17850	1190	119	1190	179	0	0
18497	1	20400	1360	136	1360	204	0	0
18498	1	22950	1530	153	1530	230	0	0
18499	1	25500	1700	170	1700	255	0	0
18500	1	25500	1700	170	1700	255	0	0
18501	1	25500	1700	170	1700	255	0	0
18502	1	25500	1700	170	1700	255	0	0
18580	1	20400	765	102	765	153	0	0
18581	1	23800	893	119	893	179	0	0
18582	1	27200	1020	136	1020	204	0	0
18583	1	30600	1148	153	1148	230	0	0
18584	1	34000	1275	170	1275	255	0	0
18585	1	34000	1275	170	1275	255	0	0
18586	1	34000	1275	170	1275	255	0	0
18587	1	34000	1275	170	1275	255	0	0
18735	1	10200	1020	153	1020	153	0	0
18736	1	11900	1190	179	1190	179	0	0
18737	1	13600	1360	204	1360	204	0	0
18738	1	15300	1530	230	1530	230	0	0
18739	1	17000	1700	255	1700	255	0	0
18740	1	17000	1700	255	1700	255	0	0
18741	1	17000	1700	255	1700	255	0	0
18742	1	17000	1700	255	1700	255	0	0
18789	1	15300	765	102	765	204	0	0
18790	1	17850	893	119	893	238	0	0
18791	1	20400	1020	136	1020	272	0	0
18792	1	22950	1148	153	1148	306	0	0
18793	1	25500	1275	170	1275	340	0	0
18794	1	25500	1275	170	1275	340	0	0
18795	1	25500	1275	170	1275	340	0	0
18796	1	25500	1275	170	1275	340	0	0
19125	1	15300	765	204	765	102	0	0
19126	1	17850	893	238	893	119	0	0
19127	1	20400	1020	272	1020	136	0	0
19128	1	22950	1148	306	1148	153	0	0
19129	1	25500	1275	340	1275	170	0	0
19130	1	25500	1275	340	1275	170	0	0
19131	1	25500	1275	340	1275	170	0	0
19132	1	25500	1275	340	1275	170	0	0
19152	1	15300	1020	153	1020	102	0	0
19153	1	17850	1190	179	1190	119	0	0
19154	1	20400	1360	204	1360	136	0	0
19155	1	22950	1530	230	1530	153	0	0
19156	1	25500	1700	255	1700	170	0	0
19157	1	25500	1700	255	1700	170	0	0
19158	1	25500	1700	255	1700	170	0	0
19159	1	25500	1700	255	1700	170	0	0
19259	1	10200	1020	102	1020	204	0	0
19260	1	11900	1190	119	1190	238	0	0
19261	1	13600	1360	136	1360	272	0	0
19262	1	15300	1530	153	1530	306	0	0
19263	1	17000	1700	170	1700	340	0	0
19264	1	17000	1700	170	1700	340	0	0
19265	1	17000	1700	170	1700	340	0	0
19266	1	17000	1700	170	1700	340	0	0
19304	1	15300	765	179	765	128	0	0
19305	1	17850	893	208	893	149	0	0
19306	1	20400	1020	238	1020	170	0	0
19307	1	22950	1148	268	1148	191	0	0
19308	1	25500	1275	298	1275	213	0	0
19309	1	25500	1275	298	1275	213	0	0
19310	1	25500	1275	298	1275	213	0	0
19311	1	25500	1275	298	1275	213	0	0
19421	1	15300	1020	102	1020	153	0	0
19422	1	17850	1190	119	1190	179	0	0
19423	1	20400	1360	136	1360	204	0	0
19424	1	22950	1530	153	1530	230	0	0
19425	1	25500	1700	170	1700	255	0	0
19426	1	25500	1700	170	1700	255	0	0
19427	1	25500	1700	170	1700	255	0	0
19428	1	25500	1700	170	1700	255	0	0
19561	1	15300	765	102	765	204	0	0
19562	1	17850	893	119	893	238	0	0
19563	1	20400	1020	136	1020	272	0	0
19564	1	22950	1148	153	1148	306	0	0
19565	1	25500	1275	170	1275	340	0	0
19566	1	25500	1275	170	1275	340	0	0
19567	1	25500	1275	170	1275	340	0	0
19568	1	25500	1275	170	1275	340	0	0
19582	1	10200	1020	102	1020	204	0	0
19583	1	11900	1190	119	1190	238	0	0
19584	1	13600	1360	136	1360	272	0	0
19585	1	15300	1530	153	1530	306	0	0
19586	1	17000	1700	170	1700	340	0	0
19587	1	17000	1700	170	1700	340	0	0
19588	1	17000	1700	170	1700	340	0	0
19589	1	17000	1700	170	1700	340	0	0
19755	1	10200	1020	204	1020	102	0	0
19756	1	11900	1190	238	1190	119	0	0
19757	1	13600	1360	272	1360	136	0	0
19758	1	15300	1530	306	1530	153	0	0
19759	1	17000	1700	340	1700	170	0	0
19760	1	17000	1700	340	1700	170	0	0
19761	1	17000	1700	340	1700	170	0	0
19762	1	17000	1700	340	1700	170	0	0
19774	1	15300	765	102	765	204	0	0
19775	1	17850	893	119	893	238	0	0
19776	1	20400	1020	136	1020	272	0	0
19777	1	22950	1148	153	1148	306	0	0
19778	1	25500	1275	170	1275	340	0	0
19779	1	25500	1275	170	1275	340	0	0
19780	1	25500	1275	170	1275	340	0	0
19781	1	25500	1275	170	1275	340	0	0
19873	1	10200	1020	204	1020	102	0	0
19874	1	11900	1190	238	1190	119	0	0
19875	1	13600	1360	272	1360	136	0	0
19876	1	15300	1530	306	1530	153	0	0
19877	1	17000	1700	340	1700	170	0	0
19878	1	17000	1700	340	1700	170	0	0
19879	1	17000	1700	340	1700	170	0	0
19880	1	17000	1700	340	1700	170	0	0
19957	1	15300	765	204	765	102	0	0
19958	1	17850	893	238	893	119	0	0
19959	1	20400	1020	272	1020	136	0	0
19960	1	22950	1148	306	1148	153	0	0
19961	1	25500	1275	340	1275	170	0	0
19962	1	25500	1275	340	1275	170	0	0
19963	1	25500	1275	340	1275	170	0	0
19964	1	25500	1275	340	1275	170	0	0
19972	1	10200	1020	102	1020	204	0	0
19973	1	11900	1190	119	1190	238	0	0
19974	1	13600	1360	136	1360	272	0	0
19975	1	15300	1530	153	1530	306	0	0
19976	1	17000	1700	170	1700	340	0	0
19977	1	17000	1700	170	1700	340	0	0
19978	1	17000	1700	170	1700	340	0	0
19979	1	17000	1700	170	1700	340	0	0
20084	1	10200	1020	204	1020	102	0	0
20085	1	11900	1190	238	1190	119	0	0
20086	1	13600	1360	272	1360	136	0	0
20087	1	15300	1530	306	1530	153	0	0
20088	1	17000	1700	340	1700	170	0	0
20089	1	17000	1700	340	1700	170	0	0
20090	1	17000	1700	340	1700	170	0	0
20091	1	17000	1700	340	1700	170	0	0
20116	1	15300	765	102	765	204	0	0
20117	1	17850	893	119	893	238	0	0
20118	1	20400	1020	136	1020	272	0	0
20119	1	22950	1148	153	1148	306	0	0
20120	1	25500	1275	170	1275	340	0	0
20121	1	25500	1275	170	1275	340	0	0
20122	1	25500	1275	170	1275	340	0	0
20123	1	25500	1275	170	1275	340	0	0
20191	1	15300	1020	153	1020	102	0	0
20192	1	17850	1190	179	1190	119	0	0
20193	1	20400	1360	204	1360	136	0	0
20194	1	22950	1530	230	1530	153	0	0
20195	1	25500	1700	255	1700	170	0	0
20196	1	25500	1700	255	1700	170	0	0
20197	1	25500	1700	255	1700	170	0	0
20198	1	25500	1700	255	1700	170	0	0
20266	1	15300	765	204	765	102	0	0
20267	1	17850	893	238	893	119	0	0
20268	1	20400	1020	272	1020	136	0	0
20269	1	22950	1148	306	1148	153	0	0
20270	1	25500	1275	340	1275	170	0	0
20271	1	25500	1275	340	1275	170	0	0
20272	1	25500	1275	340	1275	170	0	0
20273	1	25500	1275	340	1275	170	0	0
20319	1	15300	1020	102	1020	153	0	0
20320	1	17850	1190	119	1190	179	0	0
20321	1	20400	1360	136	1360	204	0	0
20322	1	22950	1530	153	1530	230	0	0
20323	1	25500	1700	170	1700	255	0	0
20324	1	25500	1700	170	1700	255	0	0
20325	1	25500	1700	170	1700	255	0	0
20326	1	25500	1700	170	1700	255	0	0
20421	1	10200	1020	153	1020	153	0	0
20422	1	11900	1190	179	1190	179	0	0
20423	1	13600	1360	204	1360	204	0	0
20424	1	15300	1530	230	1530	230	0	0
20425	1	17000	1700	255	1700	255	0	0
20426	1	17000	1700	255	1700	255	0	0
20427	1	17000	1700	255	1700	255	0	0
20428	1	17000	1700	255	1700	255	0	0
20460	1	15300	765	102	765	204	0	0
20461	1	17850	893	119	893	238	0	0
20462	1	20400	1020	136	1020	272	0	0
20463	1	22950	1148	153	1148	306	0	0
20464	1	25500	1275	170	1275	340	0	0
20465	1	25500	1275	170	1275	340	0	0
20466	1	25500	1275	170	1275	340	0	0
20467	1	25500	1275	170	1275	340	0	0
20549	1	15300	1020	153	1020	102	0	0
20550	1	17850	1190	179	1190	119	0	0
20551	1	20400	1360	204	1360	136	0	0
20552	1	22950	1530	230	1530	153	0	0
20553	1	25500	1700	255	1700	170	0	0
20554	1	25500	1700	255	1700	170	0	0
20555	1	25500	1700	255	1700	170	0	0
20556	1	25500	1700	255	1700	170	0	0
20614	1	20400	765	128	765	128	0	0
20615	1	23800	893	149	893	149	0	0
20616	1	27200	1020	170	1020	170	0	0
20617	1	30600	1148	191	1148	191	0	0
20618	1	34000	1275	213	1275	213	0	0
20619	1	34000	1275	213	1275	213	0	0
20620	1	34000	1275	213	1275	213	0	0
20621	1	34000	1275	213	1275	213	0	0
20622	1	15300	1020	153	1020	102	0	0
20623	1	17850	1190	179	1190	119	0	0
20624	1	20400	1360	204	1360	136	0	0
20625	1	22950	1530	230	1530	153	0	0
20626	1	25500	1700	255	1700	170	0	0
20627	1	25500	1700	255	1700	170	0	0
20628	1	25500	1700	255	1700	170	0	0
20629	1	25500	1700	255	1700	170	0	0
20746	1	15300	1020	128	1020	128	0	0
20747	1	17850	1190	149	1190	149	0	0
20748	1	20400	1360	170	1360	170	0	0
20749	1	22950	1530	191	1530	191	0	0
20750	1	25500	1700	213	1700	213	0	0
20751	1	25500	1700	213	1700	213	0	0
20752	1	25500	1700	213	1700	213	0	0
20753	1	25500	1700	213	1700	213	0	0
20802	1	20400	765	128	765	128	0	0
20803	1	23800	893	149	893	149	0	0
20804	1	27200	1020	170	1020	170	0	0
20805	1	30600	1148	191	1148	191	0	0
20806	1	34000	1275	213	1275	213	0	0
20807	1	34000	1275	213	1275	213	0	0
20808	1	34000	1275	213	1275	213	0	0
20809	1	34000	1275	213	1275	213	0	0
20876	1	12750	1020	153	1020	128	0	0
20877	1	14875	1190	179	1190	149	0	0
20878	1	17000	1360	204	1360	170	0	0
20879	1	19125	1530	230	1530	191	0	0
20880	1	21250	1700	255	1700	213	0	0
20881	1	21250	1700	255	1700	213	0	0
20882	1	21250	1700	255	1700	213	0	0
20883	1	21250	1700	255	1700	213	0	0
20937	1	20400	765	128	765	128	0	0
20938	1	23800	893	149	893	149	0	0
20939	1	27200	1020	170	1020	170	0	0
20940	1	30600	1148	191	1148	191	0	0
20941	1	34000	1275	213	1275	213	0	0
20942	1	34000	1275	213	1275	213	0	0
20943	1	34000	1275	213	1275	213	0	0
20944	1	34000	1275	213	1275	213	0	0
20977	1	12750	1020	153	1020	128	0	0
20978	1	14875	1190	179	1190	149	0	0
20979	1	17000	1360	204	1360	170	0	0
20980	1	19125	1530	230	1530	191	0	0
20981	1	21250	1700	255	1700	213	0	0
20982	1	21250	1700	255	1700	213	0	0
20983	1	21250	1700	255	1700	213	0	0
20984	1	21250	1700	255	1700	213	0	0
21104	1	15300	1020	128	1020	128	0	0
21105	1	17850	1190	149	1190	149	0	0
21106	1	20400	1360	170	1360	170	0	0
21107	1	22950	1530	191	1530	191	0	0
21108	1	25500	1700	213	1700	213	0	0
21109	1	25500	1700	213	1700	213	0	0
21110	1	25500	1700	213	1700	213	0	0
21111	1	25500	1700	213	1700	213	0	0
21168	1	20400	765	128	765	128	0	0
21169	1	23800	893	149	893	149	0	0
21170	1	27200	1020	170	1020	170	0	0
21171	1	30600	1148	191	1148	191	0	0
21172	1	34000	1275	213	1275	213	0	0
21179	1	34000	1275	213	1275	213	0	0
21180	1	34000	1275	213	1275	213	0	0
21181	1	34000	1275	213	1275	213	0	0
21265	1	15300	1020	128	1020	128	0	0
21266	1	17850	1190	149	1190	149	0	0
21267	1	20400	1360	170	1360	170	0	0
21268	1	22950	1530	191	1530	191	0	0
21269	1	25500	1700	213	1700	213	0	0
21270	1	25500	1700	213	1700	213	0	0
21271	1	25500	1700	213	1700	213	0	0
21272	1	25500	1700	213	1700	213	0	0
21336	1	15300	1020	128	1020	128	0	0
21337	1	17850	1190	149	1190	149	0	0
21338	1	20400	1360	170	1360	170	0	0
21339	1	22950	1530	191	1530	191	0	0
21340	1	25500	1700	213	1700	213	0	0
21341	1	25500	1700	213	1700	213	0	0
21342	1	25500	1700	213	1700	213	0	0
21343	1	25500	1700	213	1700	213	0	0
21367	1	20400	765	128	765	128	0	0
21368	1	23800	893	149	893	149	0	0
21369	1	27200	1020	170	1020	170	0	0
21370	1	30600	1148	191	1148	191	0	0
21371	1	34000	1275	213	1275	213	0	0
21372	1	34000	1275	213	1275	213	0	0
21373	1	34000	1275	213	1275	213	0	0
21374	1	34000	1275	213	1275	213	0	0
21474	1	12750	1020	153	1020	128	0	0
21475	1	14875	1190	179	1190	149	0	0
21476	1	17000	1360	204	1360	170	0	0
21477	1	19125	1530	230	1530	191	0	0
21478	1	21250	1700	255	1700	213	0	0
21479	1	21250	1700	255	1700	213	0	0
21480	1	21250	1700	255	1700	213	0	0
21481	1	21250	1700	255	1700	213	0	0
21525	1	20400	765	128	765	128	0	0
21526	1	23800	893	149	893	149	0	0
21527	1	27200	1020	170	1020	170	0	0
21528	1	30600	1148	191	1148	191	0	0
21529	1	34000	1275	213	1275	213	0	0
21530	1	34000	1275	213	1275	213	0	0
21531	1	34000	1275	213	1275	213	0	0
21532	1	34000	1275	213	1275	213	0	0
21627	1	12750	1020	153	1020	128	0	0
21628	1	14875	1190	179	1190	149	0	0
21629	1	17000	1360	204	1360	170	0	0
21630	1	19125	1530	230	1530	191	0	0
21631	1	21250	1700	255	1700	213	0	0
21632	1	21250	1700	255	1700	213	0	0
21633	1	21250	1700	255	1700	213	0	0
21634	1	21250	1700	255	1700	213	0	0
21709	1	20400	765	128	765	128	0	0
21710	1	23800	893	149	893	149	0	0
21711	1	27200	1020	170	1020	170	0	0
21712	1	30600	1148	191	1148	191	0	0
21713	1	34000	1275	213	1275	213	0	0
21714	1	34000	1275	213	1275	213	0	0
21715	1	34000	1275	213	1275	213	0	0
21716	1	34000	1275	213	1275	213	0	0
21766	1	12750	1020	153	1020	128	0	0
21767	1	14875	1190	179	1190	149	0	0
21768	1	17000	1360	204	1360	170	0	0
21769	1	19125	1530	230	1530	191	0	0
21770	1	21250	1700	255	1700	213	0	0
21771	1	21250	1700	255	1700	213	0	0
21772	1	21250	1700	255	1700	213	0	0
21773	1	21250	1700	255	1700	213	0	0
21853	1	15300	1020	128	1020	128	0	0
21854	1	17850	1190	149	1190	149	0	0
21855	1	20400	1360	170	1360	170	0	0
21856	1	22950	1530	191	1530	191	0	0
21857	1	25500	1700	213	1700	213	0	0
21858	1	25500	1700	213	1700	213	0	0
21859	1	25500	1700	213	1700	213	0	0
21860	1	25500	1700	213	1700	213	0	0
21898   1   20400   765 128 765 128 0   0
21899   1   23800   893 149 893 149 0   0
21900   1   27200   1020    170 1020    170 0   0
21901   1   30600   1148    191 1148    191 0   0
21902   1   34000   1275    213 1275    213 0   0
21903   1   34000   1275    213 1275    213 0   0
21904   1   34000   1275    213 1275    213 0   0
21905   1   34000   1275    213 1275    213 0   0
21988   1   12750   1020    153 1020    128 0   0
21989   1   14875   1190    179 1190    149 0   0
21990   1   17000   1360    204 1360    170 0   0
21991   1   19125   1530    230 1530    191 0   0
21992   1   21250   1700    255 1700    213 0   0
21993   1   21250   1700    255 1700    213 0   0
21994   1   21250   1700    255 1700    213 0   0
21995   1   21250   1700    255 1700    213 0   0
22051   1   20400   765 128 765 128 0   0
22052   1   23800   893 149 893 149 0   0
22053   1   27200   1020    170 1020    170 0   0
22054   1   30600   1148    191 1148    191 0   0
22055   1   34000   1275    213 1275    213 0   0
22056   1   34000   1275    213 1275    213 0   0
22057   1   34000   1275    213 1275    213 0   0
22058   1   34000   1275    213 1275    213 0   0
22072   1   15300   1020    128 1020    128 0   0
22073   1   17850   1190    149 1190    149 0   0
22074   1   20400   1360    170 1360    170 0   0
22075   1   22950   1530    191 1530    191 0   0
22076   1   25500   1700    213 1700    213 0   0
22077   1   25500   1700    213 1700    213 0   0
22078   1   25500   1700    213 1700    213 0   0
22079   1   25500   1700    213 1700    213 0   0
22199   1   12750   1020    153 1020    128 0   0
22200   1   14875   1190    179 1190    149 0   0
22201   1   17000   1360    204 1360    170 0   0
22202   1   19125   1530    230 1530    191 0   0
22203   1   21250   1700    255 1700    213 0   0
22204   1   21250   1700    255 1700    213 0   0
22205   1   21250   1700    255 1700    213 0   0
22206   1   21250   1700    255 1700    213 0   0
22319   1   20400   765 128 765 128 0   0
22320   1   23800   893 149 893 149 0   0
22321   1   27200   1020    170 1020    170 0   0
22322   1   30600   1148    191 1148    191 0   0
22323   1   34000   1275    213 1275    213 0   0
22324   1   34000   1275    213 1275    213 0   0
22325   1   34000   1275    213 1275    213 0   0
22326   1   34000   1275    213 1275    213 0   0
22392   1   15300   1020    128 1020    128 0   0
22393   1   17850   1190    149 1190    149 0   0
22394   1   20400   1360    170 1360    170 0   0
22395   1   22950   1530    191 1530    191 0   0
22396   1   25500   1700    213 1700    213 0   0
22397   1   25500   1700    213 1700    213 0   0
22398   1   25500   1700    213 1700    213 0   0
22399   1   25500   1700    213 1700    213 0   0
22473   1   20400   765 128 765 128 0   0
22474   1   23800   893 149 893 149 0   0
22475   1   27200   1020    170 1020    170 0   0
22476   1   30600   1148    191 1148    191 0   0
22477   1   34000   1275    213 1275    213 0   0
22478   1   34000   1275    213 1275    213 0   0
22479   1   34000   1275    213 1275    213 0   0
22480   1   34000   1275    213 1275    213 0   0
22501   1   15300   1020    128 1020    128 0   0
22502   1   17850   1190    149 1190    149 0   0
22503   1   20400   1360    170 1360    170 0   0
22504   1   22950   1530    191 1530    191 0   0
22505   1   25500   1700    213 1700    213 0   0
22506   1   25500   1700    213 1700    213 0   0
22507   1   25500   1700    213 1700    213 0   0
22508   1   25500   1700    213 1700    213 0   0
22659   1   12750   1020    153 1020    128 0   0
22660   1   14875   1190    179 1190    149 0   0
22661   1   17000   1360    204 1360    170 0   0
22662   1   19125   1530    230 1530    191 0   0
22663   1   21250   1700    255 1700    213 0   0
22664   1   21250   1700    255 1700    213 0   0
22665   1   21250   1700    255 1700    213 0   0
22666   1   21250   1700    255 1700    213 0   0
22685   1   20400   765 128 765 128 0   0
22686   1   23800   893 149 893 149 0   0
22687   1   27200   1020    170 1020    170 0   0
22688   1   30600   1148    191 1148    191 0   0
22689   1   34000   1275    213 1275    213 0   0
22690   1   34000   1275    213 1275    213 0   0
22691   1   34000   1275    213 1275    213 0   0
22692   1   34000   1275    213 1275    213 0   0
22779   1   12750   1020    153 1020    128 0   0
22780   1   14875   1190    179 1190    149 0   0
22781   1   17000   1360    204 1360    170 0   0
22782   1   19125   1530    230 1530    191 0   0
22783   1   21250   1700    255 1700    213 0   0
22784   1   21250   1700    255 1700    213 0   0
22785   1   21250   1700    255 1700    213 0   0
22786   1   21250   1700    255 1700    213 0   0
22884   1   20400   765 128 765 128 0   0
22885   1   23800   893 149 893 149 0   0
22886   1   27200   1020    170 1020    170 0   0
22887   1   30600   1148    191 1148    191 0   0
22888   1   34000   1275    213 1275    213 0   0
22889   1   34000   1275    213 1275    213 0   0
22890   1   34000   1275    213 1275    213 0   0
22891   1   34000   1275    213 1275    213 0   0
22925   1   12750   1020    153 1020    128 0   0
22926   1   14875   1190    179 1190    149 0   0
22927   1   17000   1360    204 1360    170 0   0
22928   1   19125   1530    230 1530    191 0   0
22929   1   21250   1700    255 1700    213 0   0
22930   1   21250   1700    255 1700    213 0   0
22931   1   21250   1700    255 1700    213 0   0
22932   1   21250   1700    255 1700    213 0   0
23035   1   15300   1020    128 1020    128 0   0
23036   1   17850   1190    149 1190    149 0   0
23037   1   20400   1360    170 1360    170 0   0
23038   1   22950   1530    191 1530    191 0   0
23039   1   25500   1700    213 1700    213 0   0
23040   1   25500   1700    213 1700    213 0   0
23041   1   25500   1700    213 1700    213 0   0
23042   1   25500   1700    213 1700    213 0   0
23058   1   20400   765 128 765 128 0   0
23059   1   23800   893 149 893 149 0   0
23060   1   27200   1020    170 1020    170 0   0
23061   1   30600   1148    191 1148    191 0   0
23062   1   34000   1275    213 1275    213 0   0
23063   1   34000   1275    213 1275    213 0   0
23064   1   34000   1275    213 1275    213 0   0
23065   1   34000   1275    213 1275    213 0   0
23160   1   15300   1020    128 1020    128 0   0
23161   1   17850   1190    149 1190    149 0   0
23162   1   20400   1360    170 1360    170 0   0
23163   1   22950   1530    191 1530    191 0   0
23164   1   25500   1700    213 1700    213 0   0
23165   1   25500   1700    213 1700    213 0   0
23166   1   25500   1700    213 1700    213 0   0
23167   1   25500   1700    213 1700    213 0   0
23235   1   20400   765 128 765 128 0   0
23236   1   23800   893 149 893 149 0   0
23237   1   27200   1020    170 1020    170 0   0
23238   1   30600   1148    191 1148    191 0   0
23239   1   34000   1275    213 1275    213 0   0
23240   1   34000   1275    213 1275    213 0   0
23241   1   34000   1275    213 1275    213 0   0
23242   1   34000   1275    213 1275    213 0   0
23264   1   12750   1020    153 1020    128 0   0
23265   1   14875   1190    179 1190    149 0   0
23266   1   17000   1360    204 1360    170 0   0
23267   1   19125   1530    230 1530    191 0   0
23268   1   21250   1700    255 1700    213 0   0
23269   1   21250   1700    255 1700    213 0   0
23270   1   21250   1700    255 1700    213 0   0
23271   1   21250   1700    255 1700    213 0   0
23374   1   15300   1020    128 1020    128 0   0
23375   1   17850   1190    149 1190    149 0   0
23376   1   20400   1360    170 1360    170 0   0
23377   1   22950   1530    191 1530    191 0   0
23378   1   25500   1700    213 1700    213 0   0
23379   1   25500   1700    213 1700    213 0   0
23380   1   25500   1700    213 1700    213 0   0
23381   1   25500   1700    213 1700    213 0   0
23412   1   20400   765 128 765 128 0   0
23413   1   23800   893 149 893 149 0   0
23414   1   27200   1020    170 1020    170 0   0
23415   1   30600   1148    191 1148    191 0   0
23416   1   34000   1275    213 1275    213 0   0
23417   1   34000   1275    213 1275    213 0   0
23418   1   34000   1275    213 1275    213 0   0
23419   1   34000   1275    213 1275    213 0   0
23486   1   15300   1020    128 1020    128 0   0
23487   1   17850   1190    149 1190    149 0   0
23488   1   20400   1360    170 1360    170 0   0
23489   1   22950   1530    191 1530    191 0   0
23490   1   25500   1700    213 1700    213 0   0
23491   1   25500   1700    213 1700    213 0   0
23492   1   25500   1700    213 1700    213 0   0
23493   1   25500   1700    213 1700    213 0   0
23534   1   20400   765 128 765 128 0   0
23535   1   23800   893 149 893 149 0   0
23536   1   27200   1020    170 1020    170 0   0
23537   1   30600   1148    191 1148    191 0   0
23538   1   34000   1275    213 1275    213 0   0
23539   1   34000   1275    213 1275    213 0   0
23540   1   34000   1275    213 1275    213 0   0
23541   1   34000   1275    213 1275    213 0   0
23569   1   15300   1020    128 1020    128 0   0
23570   1   17850   1190    149 1190    149 0   0
23571   1   20400   1360    170 1360    170 0   0
23572   1   22950   1530    191 1530    191 0   0
23573   1   25500   1700    213 1700    213 0   0
23574   1   25500   1700    213 1700    213 0   0
23575   1   25500   1700    213 1700    213 0   0
23576   1   25500   1700    213 1700    213 0   0
24293   1   15300   1020    128 1020    128 0   0
24294   1   17850   1190    149 1190    149 0   0
24295   1   20400   1360    170 1360    170 0   0
24296   1   22950   1530    191 1530    191 0   0
24297   1   25500   1700    213 1700    213 0   0
24298   1   25500   1700    213 1700    213 0   0
24299   1   25500   1700    213 1700    213 0   0
24300   1   25500   1700    213 1700    213 0   0
24352   1   20400   765 128 765 128 0   0
24353   1   23800   893 149 893 149 0   0
24354   1   27200   1020    170 1020    170 0   0
24355   1   30600   1148    191 1148    191 0   0
24356   1   34000   1275    213 1275    213 0   0
24357   1   34000   1275    213 1275    213 0   0
24358   1   34000   1275    213 1275    213 0   0
24359   1   34000   1275    213 1275    213 0   0
24696   1   15300   1020    128 1020    128 0   0
24697   1   17850   1190    149 1190    149 0   0
24698   1   20400   1360    170 1360    170 0   0
24699   1   22950   1530    191 1530    191 0   0
24700   1   25500   1700    213 1700    213 0   0
24701   1   25500   1700    213 1700    213 0   0
24702   1   25500   1700    213 1700    213 0   0
24703   1   25500   1700    213 1700    213 0   0
24784   1   20400   765 128 765 128 0   0
24785   1   23800   893 149 893 149 0   0
24786   1   27200   1020    170 1020    170 0   0
24787   1   30600   1148    191 1148    191 0   0
24788   1   34000   1275    213 1275    213 0   0
24789   1   34000   1275    213 1275    213 0   0
24790   1   34000   1275    213 1275    213 0   0
24791   1   34000   1275    213 1275    213 0   0
24855   1   15300   1020    128 1020    128 0   0
24856   1   17850   1190    149 1190    149 0   0
24857   1   20400   1360    170 1360    170 0   0
24858   1   22950   1530    191 1530    191 0   0
24859   1   25500   1700    213 1700    213 0   0
24860   1   25500   1700    213 1700    213 0   0
24861   1   25500   1700    213 1700    213 0   0
24862   1   25500   1700    213 1700    213 0   0
25010   1   15300   1020    128 1020    128 0   0
25011   1   17850   1190    149 1190    149 0   0
25012   1   20400   1360    170 1360    170 0   0
25013   1   22950   1530    191 1530    191 0   0
25014   1   25500   1700    213 1700    213 0   0
25015   1   25500   1700    213 1700    213 0   0
25016   1   25500   1700    213 1700    213 0   0
25017   1   25500   1700    213 1700    213 0   0
25062   1   20400   765 128 765 128 0   0
25063   1   23800   893 149 893 149 0   0
25064   1   27200   1020    170 1020    170 0   0
25065   1   30600   1148    191 1148    191 0   0
25066   1   34000   1275    213 1275    213 0   0
25067   1   34000   1275    213 1275    213 0   0
25068   1   34000   1275    213 1275    213 0   0
25069   1   34000   1275    213 1275    213 0   0
25859   1   15300   1020    128 1020    128 0   0
25860   1   17850   1190    149 1190    149 0   0
25861   1   20400   1360    170 1360    170 0   0
25862   1   22950   1530    191 1530    191 0   0
25863   1   25500   1700    213 1700    213 0   0
25864   1   25500   1700    213 1700    213 0   0
25865   1   25500   1700    213 1700    213 0   0
25866   1   25500   1700    213 1700    213 0   0
25923   1   20400   765 128 765 128 0   0
25924   1   23800   893 149 893 149 0   0
25925   1   27200   1020    170 1020    170 0   0
25926   1   30600   1148    191 1148    191 0   0
25927   1   34000   1275    213 1275    213 0   0
25928   1   34000   1275    213 1275    213 0   0
25929   1   34000   1275    213 1275    213 0   0
25930   1   34000   1275    213 1275    213 0   0