1250	1	508500	2000	21190	170	21190	170	0	0	0	0	0	0	0	0	0	0	0	0	4	0	0	0	0	0
1250	2	538500	2001	22450	180	22450	180	0	0	0	0	0	0	0	0	0	0	0	0	4	0	0	0	0	0
1250	3	570000	2002	23770	190	23770	190	0	0	0	0	0	0	0	0	0	0	0	0	4	0	0	0	0	0
1250	4	603000	2003	25140	201	25140	201	0	0	0	0	0	0	0	0	0	0	0	0	4	0	0	0	0	0
1250	5	637500	2004	26600	213	26600	213	0	0	0	0	0	0	0	0	0	0	0	0	4	0	0	0	0	0
1250	6	675000	2005	28140	225	28140	225	0	0	0	0	0	0	0	0	0	0	0	0	4	0	0	0	0	0
1250	7	714000	2006	29780	238	29780	238	0	0	0	0	0	0	0	0	0	0	0	0	4	0	0	0	0	0
1250	8	756000	2007	31520	252	31520	252	0	0	0	0	0	0	0	0	0	0	0	0	4	0	0	0	0	0
1250	9	801000	2008	33380	267	33380	267	0	0	0	0	0	0	0	0	0	0	0	0	4	0	0	0	0	0
1250	10	1018800	2009	35370	283	35370	283	0	0	0	0	0	0	0	0	0	0	0	0	4	0	0	0	0	0
1250	11	1080000	2010	37520	300	37520	300	0	0	0	0	0	0	0	0	0	0	0	0	4	0	0	0	0	0
1250	12	1146600	2011	39820	319	39820	319	0	0	0	0	0	0	0	0	0	0	0	0	4	0	0	0	0	0
1250	13	1216800	2012	42300	338	42300	338	0	0	0	0	0	0	0	0	0	0	0	0	4	0	0	0	0	0
1250	14	1294200	2013	44970	360	44970	360	0	0	0	0	0	0	0	0	0	0	0	0	4	0	0	0	0	0
1250	15	1377000	2014	47860	383	47860	383	0	0	0	0	0	0	0	0	0	0	0	0	4	0	0	0	0	0
1250	16	1467000	2015	50970	408	50970	408	0	0	0	0	0	0	0	0	0	0	0	0	4	0	0	0	0	0
1250	17	1564200	2016	54340	435	54340	435	0	0	0	0	0	0	0	0	0	0	0	0	4	0	0	0	0	0
1250	18	1668600	2017	57980	464	57980	464	0	0	0	0	0	0	0	0	0	0	0	0	4	0	0	0	0	0
1250	19	1782000	2018	61920	495	61920	495	0	0	0	0	0	0	0	0	0	0	0	0	4	0	0	0	0	0
1250	20	2221800	2019	66170	529	66170	529	0	0	0	0	0	0	0	0	0	0	0	0	4	0	0	0	0	0
1250	21	2377200	2020	70770	566	70770	566	0	0	0	0	0	0	0	0	0	0	0	0	4	0	0	0	0	0
1250	22	2543100	2021	75730	606	75730	606	0	0	0	0	0	0	0	0	0	0	0	0	4	0	0	0	0	0
1250	23	2723700	2022	81110	649	81110	649	0	0	0	0	0	0	0	0	0	0	0	0	4	0	0	0	0	0
1250	24	2919000	2023	86890	695	86890	695	0	0	0	0	0	0	0	0	0	0	0	0	4	0	0	0	0	0
1250	25	3129000	2024	93140	745	93140	745	0	0	0	0	0	0	0	0	0	0	0	0	4	0	0	0	0	0
1250	26	3355800	2025	99870	799	99870	799	0	0	0	0	0	0	0	0	0	0	0	0	4	0	0	0	0	0
1250	27	3599400	2026	107130	857	107130	857	0	0	0	0	0	0	0	0	0	0	0	0	4	0	0	0	0	0
1250	28	3861900	2027	114940	920	114940	920	0	0	0	0	0	0	0	0	0	0	0	0	4	0	0	0	0	0
1250	29	4143300	2028	123340	987	123340	987	0	0	0	0	0	0	0	0	0	0	0	0	4	0	0	0	0	0
1250	30	5080800	2029	132360	1059	132360	1059	0	0	0	0	0	0	0	0	0	0	0	0	4	0	0	0	0	0
1250	31	5455200	2030	142060	1137	142060	1137	0	0	0	0	0	0	0	0	0	0	0	0	4	0	0	0	0	0
1250	32	5853600	2031	152460	1220	152460	1220	0	0	0	0	0	0	0	0	0	0	0	0	4	0	0	0	0	0
1250	33	6280800	2032	163610	1309	163610	1309	0	0	0	0	0	0	0	0	0	0	0	0	4	0	0	0	0	0
1250	34	6741600	2033	175560	1405	175560	1405	0	0	0	0	0	0	0	0	0	0	0	0	4	0	0	0	0	0
1250	35	7231200	2034	188340	1507	188340	1507	0	0	0	0	0	0	0	0	0	0	0	0	4	0	0	0	0	0
1250	36	7756800	2035	202010	1616	202010	1616	0	0	0	0	0	0	0	0	0	0	0	0	4	0	0	0	0	0
1250	37	8316000	2036	216610	1733	216610	1733	0	0	0	0	0	0	0	0	0	0	0	0	4	0	0	0	0	0
1250	38	8916000	2037	232200	1858	232200	1858	0	0	0	0	0	0	0	0	0	0	0	0	4	0	0	0	0	0
1250	39	9554400	2038	248830	1991	248830	1991	0	0	0	0	0	0	0	0	0	0	0	0	4	0	0	0	0	0
1250	40	11512800	2039	266550	2132	266550	2132	0	0	0	0	0	0	0	0	0	0	0	0	4	0	0	0	0	0
1250	41	12328200	2040	285410	2283	285410	2283	0	0	0	0	0	0	0	0	0	0	0	0	4	0	0	0	0	0
1250	42	13194900	2041	305480	2444	305480	2444	0	0	0	0	0	0	0	0	0	0	0	0	4	0	0	0	0	0
1250	43	14118300	2042	326820	2615	326820	2615	0	0	0	0	0	0	0	0	0	0	0	0	4	0	0	0	0	0
1250	44	15095700	2043	349480	2796	349480	2796	0	0	0	0	0	0	0	0	0	0	0	0	4	0	0	0	0	0
1250	45	16135200	2044	373540	2988	373540	2988	0	0	0	0	0	0	0	0	0	0	0	0	4	0	0	0	0	0
1250	46	17236800	2045	399050	3192	399050	3192	0	0	0	0	0	0	0	0	0	0	0	0	4	0	0	0	0	0
1250	47	18405900	2046	426090	3409	426090	3409	0	0	0	0	0	0	0	0	0	0	0	0	4	0	0	0	0	0
1250	48	19642500	2047	454710	3638	454710	3638	0	0	0	0	0	0	0	0	0	0	0	0	4	0	0	0	0	0
1250	49	20952000	2048	485020	3880	485020	3880	0	0	0	0	0	0	0	0	0	0	0	0	4	0	0	0	0	0
1250	50	24816000	2049	517060	4136	517060	4136	0	0	0	0	0	0	0	0	0	0	0	0	4	0	0	0	0	0
1250	51	27000000	2050	56250	4500	56250	4500	0	0	0	0	0	0	0	0	0	0	0	0	4	0	0	0	0	0
1250	52	28800000	2051	60000	4800	60000	4800	0	0	0	0	0	0	0	0	0	0	0	0	4	0	0	0	0	0
1250	53	30600000	2052	63750	5100	63750	5100	0	0	0	0	0	0	0	0	0	0	0	0	4	0	0	0	0	0
1250	54	32400000	2053	67500	5400	67500	5400	0	0	0	0	0	0	0	0	0	0	0	0	4	0	0	0	0	0
1250	55	34200000	2054	71250	5700	71250	5700	0	0	0	0	0	0	0	0	0	0	0	0	4	0	0	0	0	0
1250	56	36000000	2055	75000	6000	75000	6000	0	0	0	0	0	0	0	0	0	0	0	0	4	0	0	0	0	0
1250	57	37800000	2056	78750	6300	78750	6300	0	0	0	0	0	0	0	0	0	0	0	0	4	0	0	0	0	0
1250	58	39600000	2057	82500	6600	82500	6600	0	0	0	0	0	0	0	0	0	0	0	0	4	0	0	0	0	0
1250	59	41400000	2058	86250	6900	86250	6900	0	0	0	0	0	0	0	0	0	0	0	0	4	0	0	0	0	0
1250	60	47520000	2059	90000	7200	90000	7200	0	0	0	0	0	0	0	0	0	0	0	0	4	0	0	0	0	0
1250	61	49500000	2060	93750	7500	93750	7500	0	0	0	0	0	0	0	0	0	0	0	0	4	0	0	0	0	0
1250	62	51480000	2061	97500	7800	97500	7800	0	0	0	0	0	0	0	0	0	0	0	0	4	0	0	0	0	0
1250	63	53460000	2062	101250	8100	101250	8100	0	0	0	0	0	0	0	0	0	0	0	0	4	0	0	0	0	0
1250	64	55440000	2063	105000	8400	105000	8400	0	0	0	0	0	0	0	0	0	0	0	0	4	0	0	0	0	0
1250	65	57420000	2064	108750	8700	108750	8700	0	0	0	0	0	0	0	0	0	0	0	0	4	0	0	0	0	0
1250	66	59400000	2065	112500	9000	112500	9000	0	0	0	0	0	0	0	0	0	0	0	0	4	0	0	0	0	0
1250	67	61380000	2066	116250	9300	116250	9300	0	0	0	0	0	0	0	0	0	0	0	0	4	0	0	0	0	0
1250	68	63360000	2067	120000	9600	120000	9600	0	0	0	0	0	0	0	0	0	0	0	0	4	0	0	0	0	0
1250	69	65340000	2068	123750	9900	123750	9900	0	0	0	0	0	0	0	0	0	0	0	0	4	0	0	0	0	0
1250	70	73440000	2069	127500	10200	127500	10200	0	0	0	0	0	0	0	0	0	0	0	0	4	0	0	0	0	0
1250	71	75600000	2070	131250	10500	131250	10500	0	0	0	0	0	0	0	0	0	0	0	0	4	0	0	0	0	0
1250	72	77760000	2071	135000	10800	135000	10800	0	0	0	0	0	0	0	0	0	0	0	0	4	0	0	0	0	0
1250	73	79920000	2072	138750	11100	138750	11100	0	0	0	0	0	0	0	0	0	0	0	0	4	0	0	0	0	0
1250	74	82080000	2073	142500	11400	142500	11400	0	0	0	0	0	0	0	0	0	0	0	0	4	0	0	0	0	0
1250	75	84240000	2074	146250	11700	146250	11700	0	0	0	0	0	0	0	0	0	0	0	0	4	0	0	0	0	0
1250	76	86400000	2075	150000	12000	150000	12000	0	0	0	0	0	0	0	0	0	0	0	0	4	0	0	0	0	0
1250	77	88560000	2076	153750	12300	153750	12300	0	0	0	0	0	0	0	0	0	0	0	0	4	0	0	0	0	0
1250	78	90720000	2077	157500	12600	157500	12600	0	0	0	0	0	0	0	0	0	0	0	0	4	0	0	0	0	0
1250	79	92880000	2078	161250	12900	161250	12900	0	0	0	0	0	0	0	0	0	0	0	0	4	0	0	0	0	0
1250	80	102960000	2079	165000	13200	165000	13200	0	0	0	0	0	0	0	0	0	0	0	0	4	0	0	0	0	0
1250	81	102960000	2080	165000	13200	165000	13200	0	0	0	0	0	0	0	0	0	0	0	0	4	0	0	0	0	0
1250	82	102960000	2081	165000	13200	165000	13200	0	0	0	0	0	0	0	0	0	0	0	0	4	0	0	0	0	0
1250	83	102960000	2082	165000	13200	165000	13200	0	0	0	0	0	0	0	0	0	0	0	0	4	0	0	0	0	0
1250	84	102960000	2083	165000	13200	165000	13200	0	0	0	0	0	0	0	0	0	0	0	0	4	0	0	0	0	0
1250	85	102960000	2084	165000	13200	165000	13200	0	0	0	0	0	0	0	0	0	0	0	0	4	0	0	0	0	0
1250	86	102960000	2085	165000	13200	165000	13200	0	0	0	0	0	0	0	0	0	0	0	0	4	0	0	0	0	0
1250	87	102960000	2086	165000	13200	165000	13200	0	0	0	0	0	0	0	0	0	0	0	0	4	0	0	0	0	0
1250	88	102960000	2087	165000	13200	165000	13200	0	0	0	0	0	0	0	0	0	0	0	0	4	0	0	0	0	0
1250	89	102960000	2088	165000	13200	165000	13200	0	0	0	0	0	0	0	0	0	0	0	0	4	0	0	0	0	0
1250	90	110880000	2089	165000	13200	165000	13200	0	0	0	0	0	0	0	0	0	0	0	0	4	0	0	0	0	0
1250	91	110880000	2090	165000	13200	165000	13200	0	0	0	0	0	0	0	0	0	0	0	0	4	0	0	0	0	0
1250	92	110880000	2091	165000	13200	165000	13200	0	0	0	0	0	0	0	0	0	0	0	0	4	0	0	0	0	0
1250	93	110880000	2092	165000	13200	165000	13200	0	0	0	0	0	0	0	0	0	0	0	0	4	0	0	0	0	0
1250	94	110880000	2093	165000	13200	165000	13200	0	0	0	0	0	0	0	0	0	0	0	0	4	0	0	0	0	0
1250	95	110880000	2094	165000	13200	165000	13200	0	0	0	0	0	0	0	0	0	0	0	0	4	0	0	0	0	0
1250	96	110880000	2095	165000	13200	165000	13200	0	0	0	0	0	0	0	0	0	0	0	0	4	0	0	0	0	0
1250	97	110880000	2096	165000	13200	165000	13200	0	0	0	0	0	0	0	0	0	0	0	0	4	0	0	0	0	0
1250	98	110880000	2097	165000	13200	165000	13200	0	0	0	0	0	0	0	0	0	0	0	0	4	0	0	0	0	0
1250	99	110880000	2098	165000	13200	165000	13200	0	0	0	0	0	0	0	0	0	0	0	0	4	0	0	0	0	0
1250	100	118800000	2099	165000	13200	165000	13200	0	0	0	0	0	0	0	0	0	0	0	0	4	0	0	0	0	0
1250	101	118800000	2100	165000	13200	165000	13200	0	0	0	0	0	0	0	0	0	0	0	0	4	0	0	0	0	0
1250	102	118800000	2101	165000	13200	165000	13200	0	0	0	0	0	0	0	0	0	0	0	0	4	0	0	0	0	0
1250	103	118800000	2102	165000	13200	165000	13200	0	0	0	0	0	0	0	0	0	0	0	0	4	0	0	0	0	0
1250	104	118800000	2103	165000	13200	165000	13200	0	0	0	0	0	0	0	0	0	0	0	0	4	0	0	0	0	0
1250	105	118800000	2104	165000	13200	165000	13200	0	0	0	0	0	0	0	0	0	0	0	0	4	0	0	0	0	0
1250	106	118800000	2105	165000	13200	165000	13200	0	0	0	0	0	0	0	0	0	0	0	0	4	0	0	0	0	0
1250	107	118800000	2106	165000	13200	165000	13200	0	0	0	0	0	0	0	0	0	0	0	0	4	0	0	0	0	0
1250	108	118800000	2107	165000	13200	165000	13200	0	0	0	0	0	0	0	0	0	0	0	0	4	0	0	0	0	0
1250	109	118800000	2108	165000	13200	165000	13200	0	0	0	0	0	0	0	0	0	0	0	0	4	0	0	0	0	0
1250	110	118800000	2109	165000	13200	165000	13200	0	0	0	0	0	0	0	0	0	0	0	0	4	0	0	0	0	0
1250	111	118800000	2110	165000	13200	165000	13200	0	0	0	0	0	0	0	0	0	0	0	0	4	0	0	0	0	0
1250	112	118800000	2111	165000	13200	165000	13200	0	0	0	0	0	0	0	0	0	0	0	0	4	0	0	0	0	0
1250	113	118800000	2112	165000	13200	165000	13200	0	0	0	0	0	0	0	0	0	0	0	0	4	0	0	0	0	0
1250	114	118800000	2113	165000	13200	165000	13200	0	0	0	0	0	0	0	0	0	0	0	0	4	0	0	0	0	0
1250	115	118800000	2114	165000	13200	165000	13200	0	0	0	0	0	0	0	0	0	0	0	0	4	0	0	0	0	0
1250	116	118800000	2115	165000	13200	165000	13200	0	0	0	0	0	0	0	0	0	0	0	0	4	0	0	0	0	0
1250	117	118800000	2116	165000	13200	165000	13200	0	0	0	0	0	0	0	0	0	0	0	0	4	0	0	0	0	0
1250	118	118800000	2117	165000	13200	165000	13200	0	0	0	0	0	0	0	0	0	0	0	0	4	0	0	0	0	0
1250	119	118800000	2118	165000	13200	165000	13200	0	0	0	0	0	0	0	0	0	0	0	0	4	0	0	0	0	0
1250	120	118800000	2119	165000	13200	165000	13200	0	0	0	0	0	0	0	0	0	0	0	0	4	0	0	0	0	0
1250	121	118800000	2120	165000	13200	165000	13200	0	0	0	0	0	0	0	0	0	0	0	0	4	0	0	0	0	0
1250	122	118800000	2121	165000	13200	165000	13200	0	0	0	0	0	0	0	0	0	0	0	0	4	0	0	0	0	0
1250	123	118800000	2122	165000	13200	165000	13200	0	0	0	0	0	0	0	0	0	0	0	0	4	0	0	0	0	0
1250	124	118800000	2123	165000	13200	165000	13200	0	0	0	0	0	0	0	0	0	0	0	0	4	0	0	0	0	0
1250	125	118800000	2124	165000	13200	165000	13200	0	0	0	0	0	0	0	0	0	0	0	0	4	0	0	0	0	0
1250	126	118800000	2125	165000	13200	165000	13200	0	0	0	0	0	0	0	0	0	0	0	0	4	0	0	0	0	0
1250	127	118800000	2126	165000	13200	165000	13200	0	0	0	0	0	0	0	0	0	0	0	0	4	0	0	0	0	0
1250	128	118800000	2127	165000	13200	165000	13200	0	0	0	0	0	0	0	0	0	0	0	0	4	0	0	0	0	0
1250	129	118800000	2128	165000	13200	165000	13200	0	0	0	0	0	0	0	0	0	0	0	0	4	0	0	0	0	0
1250	130	118800000	2129	165000	13200	165000	13200	0	0	0	0	0	0	0	0	0	0	0	0	4	0	0	0	0	0
1250	131	118800000	2130	165000	13200	165000	13200	0	0	0	0	0	0	0	0	0	0	0	0	4	0	0	0	0	0
1250	132	118800000	2131	165000	13200	165000	13200	0	0	0	0	0	0	0	0	0	0	0	0	4	0	0	0	0	0
1250	133	118800000	2132	165000	13200	165000	13200	0	0	0	0	0	0	0	0	0	0	0	0	4	0	0	0	0	0
1250	134	118800000	2133	165000	13200	165000	13200	0	0	0	0	0	0	0	0	0	0	0	0	4	0	0	0	0	0
1250	135	118800000	2134	165000	13200	165000	13200	0	0	0	0	0	0	0	0	0	0	0	0	4	0	0	0	0	0
1250	136	118800000	2135	165000	13200	165000	13200	0	0	0	0	0	0	0	0	0	0	0	0	4	0	0	0	0	0
1250	137	118800000	2136	165000	13200	165000	13200	0	0	0	0	0	0	0	0	0	0	0	0	4	0	0	0	0	0
1250	138	118800000	2137	165000	13200	165000	13200	0	0	0	0	0	0	0	0	0	0	0	0	4	0	0	0	0	0
1250	139	118800000	2138	165000	13200	165000	13200	0	0	0	0	0	0	0	0	0	0	0	0	4	0	0	0	0	0
1250	140	118800000	2139	165000	13200	165000	13200	0	0	0	0	0	0	0	0	0	0	0	0	4	0	0	0	0	0
1250	141	118800000	2140	165000	13200	165000	13200	0	0	0	0	0	0	0	0	0	0	0	0	4	0	0	0	0	0
1250	142	118800000	2141	165000	13200	165000	13200	0	0	0	0	0	0	0	0	0	0	0	0	4	0	0	0	0	0
1250	143	118800000	2142	165000	13200	165000	13200	0	0	0	0	0	0	0	0	0	0	0	0	4	0	0	0	0	0
1250	144	118800000	2143	165000	13200	165000	13200	0	0	0	0	0	0	0	0	0	0	0	0	4	0	0	0	0	0
1250	145	118800000	2144	165000	13200	165000	13200	0	0	0	0	0	0	0	0	0	0	0	0	4	0	0	0	0	0
1250	146	118800000	2145	165000	13200	165000	13200	0	0	0	0	0	0	0	0	0	0	0	0	4	0	0	0	0	0
1250	147	118800000	2146	165000	13200	165000	13200	0	0	0	0	0	0	0	0	0	0	0	0	4	0	0	0	0	0
1250	148	118800000	2147	165000	13200	165000	13200	0	0	0	0	0	0	0	0	0	0	0	0	4	0	0	0	0	0
1250	149	118800000	2148	165000	13200	165000	13200	0	0	0	0	0	0	0	0	0	0	0	0	4	0	0	0	0	0
1250	150	118800000	2149	165000	13200	165000	13200	0	0	0	0	0	0	0	0	0	0	0	0	4	0	0	0	0	0
1250	151	118800000	2150	165000	13200	165000	13200	0	0	0	0	0	0	0	0	0	0	0	0	4	0	0	0	0	0
1250	152	118800000	2151	165000	13200	165000	13200	0	0	0	0	0	0	0	0	0	0	0	0	4	0	0	0	0	0
1250	153	118800000	2152	165000	13200	165000	13200	0	0	0	0	0	0	0	0	0	0	0	0	4	0	0	0	0	0
1250	154	118800000	2153	165000	13200	165000	13200	0	0	0	0	0	0	0	0	0	0	0	0	4	0	0	0	0	0
1250	155	118800000	2154	165000	13200	165000	13200	0	0	0	0	0	0	0	0	0	0	0	0	4	0	0	0	0	0
1250	156	118800000	2155	165000	13200	165000	13200	0	0	0	0	0	0	0	0	0	0	0	0	4	0	0	0	0	0
1250	157	118800000	2156	165000	13200	165000	13200	0	0	0	0	0	0	0	0	0	0	0	0	4	0	0	0	0	0
1250	158	118800000	2157	165000	13200	165000	13200	0	0	0	0	0	0	0	0	0	0	0	0	4	0	0	0	0	0
1250	159	118800000	2158	165000	13200	165000	13200	0	0	0	0	0	0	0	0	0	0	0	0	4	0	0	0	0	0
1250	160	118800000	2159	165000	13200	165000	13200	0	0	0	0	0	0	0	0	0	0	0	0	4	0	0	0	0	0
1250	161	118800000	2160	165000	13200	165000	13200	0	0	0	0	0	0	0	0	0	0	0	0	4	0	0	0	0	0
1250	162	118800000	2161	165000	13200	165000	13200	0	0	0	0	0	0	0	0	0	0	0	0	4	0	0	0	0	0
1250	163	118800000	2162	165000	13200	165000	13200	0	0	0	0	0	0	0	0	0	0	0	0	4	0	0	0	0	0
1250	164	118800000	2163	165000	13200	165000	13200	0	0	0	0	0	0	0	0	0	0	0	0	4	0	0	0	0	0
1250	165	118800000	2164	165000	13200	165000	13200	0	0	0	0	0	0	0	0	0	0	0	0	4	0	0	0	0	0
1250	166	118800000	2165	165000	13200	165000	13200	0	0	0	0	0	0	0	0	0	0	0	0	4	0	0	0	0	0
1250	167	118800000	2166	165000	13200	165000	13200	0	0	0	0	0	0	0	0	0	0	0	0	4	0	0	0	0	0
1250	168	118800000	2167	165000	13200	165000	13200	0	0	0	0	0	0	0	0	0	0	0	0	4	0	0	0	0	0
1250	169	118800000	2168	165000	13200	165000	13200	0	0	0	0	0	0	0	0	0	0	0	0	4	0	0	0	0	0
1250	170	118800000	2169	165000	13200	165000	13200	0	0	0	0	0	0	0	0	0	0	0	0	4	0	0	0	0	0
1250	171	118800000	2170	165000	13200	165000	13200	0	0	0	0	0	0	0	0	0	0	0	0	4	0	0	0	0	0
1250	172	118800000	2171	165000	13200	165000	13200	0	0	0	0	0	0	0	0	0	0	0	0	4	0	0	0	0	0
1250	173	118800000	2172	165000	13200	165000	13200	0	0	0	0	0	0	0	0	0	0	0	0	4	0	0	0	0	0
1250	174	118800000	2173	165000	13200	165000	13200	0	0	0	0	0	0	0	0	0	0	0	0	4	0	0	0	0	0
1250	175	118800000	2174	165000	13200	165000	13200	0	0	0	0	0	0	0	0	0	0	0	0	4	0	0	0	0	0
1250	176	118800000	2175	165000	13200	165000	13200	0	0	0	0	0	0	0	0	0	0	0	0	4	0	0	0	0	0
1250	177	118800000	2176	165000	13200	165000	13200	0	0	0	0	0	0	0	0	0	0	0	0	4	0	0	0	0	0
1250	178	118800000	2177	165000	13200	165000	13200	0	0	0	0	0	0	0	0	0	0	0	0	4	0	0	0	0	0
1250	179	118800000	2178	165000	13200	165000	13200	0	0	0	0	0	0	0	0	0	0	0	0	4	0	0	0	0	0
1250	180	118800000	2179	165000	13200	165000	13200	0	0	0	0	0	0	0	0	0	0	0	0	4	0	0	0	0	0
1250	181	118800000	2180	165000	13200	165000	13200	0	0	0	0	0	0	0	0	0	0	0	0	4	0	0	0	0	0
1250	182	118800000	2181	165000	13200	165000	13200	0	0	0	0	0	0	0	0	0	0	0	0	4	0	0	0	0	0
1250	183	118800000	2182	165000	13200	165000	13200	0	0	0	0	0	0	0	0	0	0	0	0	4	0	0	0	0	0
1250	184	118800000	2183	165000	13200	165000	13200	0	0	0	0	0	0	0	0	0	0	0	0	4	0	0	0	0	0
1250	185	118800000	2184	165000	13200	165000	13200	0	0	0	0	0	0	0	0	0	0	0	0	4	0	0	0	0	0
1250	186	118800000	2185	165000	13200	165000	13200	0	0	0	0	0	0	0	0	0	0	0	0	4	0	0	0	0	0
1250	187	118800000	2186	165000	13200	165000	13200	0	0	0	0	0	0	0	0	0	0	0	0	4	0	0	0	0	0
1250	188	118800000	2187	165000	13200	165000	13200	0	0	0	0	0	0	0	0	0	0	0	0	4	0	0	0	0	0
1250	189	118800000	2188	165000	13200	165000	13200	0	0	0	0	0	0	0	0	0	0	0	0	4	0	0	0	0	0
1250	190	118800000	2189	165000	13200	165000	13200	0	0	0	0	0	0	0	0	0	0	0	0	4	0	0	0	0	0
1250	191	118800000	2190	165000	13200	165000	13200	0	0	0	0	0	0	0	0	0	0	0	0	4	0	0	0	0	0
1250	192	118800000	2191	165000	13200	165000	13200	0	0	0	0	0	0	0	0	0	0	0	0	4	0	0	0	0	0
1250	193	118800000	2192	165000	13200	165000	13200	0	0	0	0	0	0	0	0	0	0	0	0	4	0	0	0	0	0
1250	194	118800000	2193	165000	13200	165000	13200	0	0	0	0	0	0	0	0	0	0	0	0	4	0	0	0	0	0
1250	195	118800000	2194	165000	13200	165000	13200	0	0	0	0	0	0	0	0	0	0	0	0	4	0	0	0	0	0
1250	196	118800000	2195	165000	13200	165000	13200	0	0	0	0	0	0	0	0	0	0	0	0	4	0	0	0	0	0
1250	197	118800000	2196	165000	13200	165000	13200	0	0	0	0	0	0	0	0	0	0	0	0	4	0	0	0	0	0
1250	198	118800000	2197	165000	13200	165000	13200	0	0	0	0	0	0	0	0	0	0	0	0	4	0	0	0	0	0
1250	199	118800000	2198	165000	13200	165000	13200	0	0	0	0	0	0	0	0	0	0	0	0	4	0	0	0	0	0
1250	200	118800000	2199	165000	13200	165000	13200	0	0	0	0	0	0	0	0	0	0	0	0	4	0	0	0	0	0
1251	1	508500	2200	1441	170	1441	170	0	0	0	0	0	0	0	0	0	0	0	0	6	0	0	0	0	0
1251	2	538500	2201	1526	180	1526	180	0	0	0	0	0	0	0	0	0	0	0	0	6	0	0	0	0	0
1251	3	570000	2202	1616	190	1616	190	0	0	0	0	0	0	0	0	0	0	0	0	6	0	0	0	0	0
1251	4	603000	2203	1709	201	1709	201	0	0	0	0	0	0	0	0	0	0	0	0	6	0	0	0	0	0
1251	5	637500	2204	1808	213	1808	213	0	0	0	0	0	0	0	0	0	0	0	0	6	0	0	0	0	0
1251	6	675000	2205	1913	225	1913	225	0	0	0	0	0	0	0	0	0	0	0	0	6	0	0	0	0	0
1251	7	714000	2206	2025	238	2025	238	0	0	0	0	0	0	0	0	0	0	0	0	6	0	0	0	0	0
1251	8	756000	2207	2143	252	2143	252	0	0	0	0	0	0	0	0	0	0	0	0	6	0	0	0	0	0
1251	9	801000	2208	2269	267	2269	267	0	0	0	0	0	0	0	0	0	0	0	0	6	0	0	0	0	0
1251	10	1018800	2209	2405	283	2405	283	0	0	0	0	0	0	0	0	0	0	0	0	6	0	0	0	0	0
1251	11	1080000	2210	2551	300	2551	300	0	0	0	0	0	0	0	0	0	0	0	0	6	0	0	0	0	0
1251	12	1146600	2211	2708	319	2708	319	0	0	0	0	0	0	0	0	0	0	0	0	6	0	0	0	0	0
1251	13	1216800	2212	2876	338	2876	338	0	0	0	0	0	0	0	0	0	0	0	0	6	0	0	0	0	0
1251	14	1294200	2213	3057	360	3057	360	0	0	0	0	0	0	0	0	0	0	0	0	6	0	0	0	0	0
1251	15	1377000	2214	3254	383	3254	383	0	0	0	0	0	0	0	0	0	0	0	0	6	0	0	0	0	0
1251	16	1467000	2215	3466	408	3466	408	0	0	0	0	0	0	0	0	0	0	0	0	6	0	0	0	0	0
1251	17	1564200	2216	3695	435	3695	435	0	0	0	0	0	0	0	0	0	0	0	0	6	0	0	0	0	0
1251	18	1668600	2217	3942	464	3942	464	0	0	0	0	0	0	0	0	0	0	0	0	6	0	0	0	0	0
1251	19	1782000	2218	4210	495	4210	495	0	0	0	0	0	0	0	0	0	0	0	0	6	0	0	0	0	0
1251	20	2221800	2219	4499	529	4499	529	0	0	0	0	0	0	0	0	0	0	0	0	6	0	0	0	0	0
1251	21	2377200	2220	4813	566	4813	566	0	0	0	0	0	0	0	0	0	0	0	0	6	0	0	0	0	0
1251	22	2543100	2221	5150	606	5150	606	0	0	0	0	0	0	0	0	0	0	0	0	6	0	0	0	0	0
1251	23	2723700	2222	5515	649	5515	649	0	0	0	0	0	0	0	0	0	0	0	0	6	0	0	0	0	0
1251	24	2919000	2223	5909	695	5909	695	0	0	0	0	0	0	0	0	0	0	0	0	6	0	0	0	0	0
1251	25	3129000	2224	6333	745	6333	745	0	0	0	0	0	0	0	0	0	0	0	0	6	0	0	0	0	0
1251	26	3355800	2225	6791	799	6791	799	0	0	0	0	0	0	0	0	0	0	0	0	6	0	0	0	0	0
1251	27	3599400	2226	7285	857	7285	857	0	0	0	0	0	0	0	0	0	0	0	0	6	0	0	0	0	0
1251	28	3861900	2227	7815	920	7815	920	0	0	0	0	0	0	0	0	0	0	0	0	6	0	0	0	0	0
1251	29	4143300	2228	8387	987	8387	987	0	0	0	0	0	0	0	0	0	0	0	0	6	0	0	0	0	0
1251	30	5080800	2229	9001	1059	9001	1059	0	0	0	0	0	0	0	0	0	0	0	0	6	0	0	0	0	0
1251	31	5455200	2230	9660	1137	9660	1137	0	0	0	0	0	0	0	0	0	0	0	0	6	0	0	0	0	0
1251	32	5853600	2231	10367	1220	10367	1220	0	0	0	0	0	0	0	0	0	0	0	0	6	0	0	0	0	0
1251	33	6280800	2232	11126	1309	11126	1309	0	0	0	0	0	0	0	0	0	0	0	0	6	0	0	0	0	0
1251	34	6741600	2233	11938	1405	11938	1405	0	0	0	0	0	0	0	0	0	0	0	0	6	0	0	0	0	0
1251	35	7231200	2234	12807	1507	12807	1507	0	0	0	0	0	0	0	0	0	0	0	0	6	0	0	0	0	0
1251	36	7756800	2235	13737	1616	13737	1616	0	0	0	0	0	0	0	0	0	0	0	0	6	0	0	0	0	0
1251	37	8316000	2236	14729	1733	14729	1733	0	0	0	0	0	0	0	0	0	0	0	0	6	0	0	0	0	0
1251	38	8916000	2237	15789	1858	15789	1858	0	0	0	0	0	0	0	0	0	0	0	0	6	0	0	0	0	0
1251	39	9554400	2238	16920	1991	16920	1991	0	0	0	0	0	0	0	0	0	0	0	0	6	0	0	0	0	0
1251	40	11512800	2239	18125	2132	18125	2132	0	0	0	0	0	0	0	0	0	0	0	0	6	0	0	0	0	0
1251	41	12328200	2240	19407	2283	19407	2283	0	0	0	0	0	0	0	0	0	0	0	0	6	0	0	0	0	0
1251	42	13194900	2241	20772	2444	20772	2444	0	0	0	0	0	0	0	0	0	0	0	0	6	0	0	0	0	0
1251	43	14118300	2242	22224	2615	22224	2615	0	0	0	0	0	0	0	0	0	0	0	0	6	0	0	0	0	0
1251	44	15095700	2243	23764	2796	23764	2796	0	0	0	0	0	0	0	0	0	0	0	0	6	0	0	0	0	0
1251	45	16135200	2244	25401	2988	25401	2988	0	0	0	0	0	0	0	0	0	0	0	0	6	0	0	0	0	0
1251	46	17236800	2245	27135	3192	27135	3192	0	0	0	0	0	0	0	0	0	0	0	0	6	0	0	0	0	0
1251	47	18405900	2246	28974	3409	28974	3409	0	0	0	0	0	0	0	0	0	0	0	0	6	0	0	0	0	0
1251	48	19642500	2247	30920	3638	30920	3638	0	0	0	0	0	0	0	0	0	0	0	0	6	0	0	0	0	0
1251	49	20952000	2248	32981	3880	32981	3880	0	0	0	0	0	0	0	0	0	0	0	0	6	0	0	0	0	0
1251	50	24816000	2249	35160	4136	35160	4136	0	0	0	0	0	0	0	0	0	0	0	0	6	0	0	0	0	0
1251	51	27000000	2250	38250	4500	38250	4500	0	0	0	0	0	0	0	0	0	0	0	0	6	0	0	0	0	0
1251	52	28800000	2251	40800	4800	40800	4800	0	0	0	0	0	0	0	0	0	0	0	0	6	0	0	0	0	0
1251	53	30600000	2252	43350	5100	43350	5100	0	0	0	0	0	0	0	0	0	0	0	0	6	0	0	0	0	0
1251	54	32400000	2253	45900	5400	45900	5400	0	0	0	0	0	0	0	0	0	0	0	0	6	0	0	0	0	0
1251	55	34200000	2254	48450	5700	48450	5700	0	0	0	0	0	0	0	0	0	0	0	0	6	0	0	0	0	0
1251	56	36000000	2255	51000	6000	51000	6000	0	0	0	0	0	0	0	0	0	0	0	0	6	0	0	0	0	0
1251	57	37800000	2256	53550	6300	53550	6300	0	0	0	0	0	0	0	0	0	0	0	0	6	0	0	0	0	0
1251	58	39600000	2257	56100	6600	56100	6600	0	0	0	0	0	0	0	0	0	0	0	0	6	0	0	0	0	0
1251	59	41400000	2258	58650	6900	58650	6900	0	0	0	0	0	0	0	0	0	0	0	0	6	0	0	0	0	0
1251	60	47520000	2259	61200	7200	61200	7200	0	0	0	0	0	0	0	0	0	0	0	0	6	0	0	0	0	0
1251	61	49500000	2260	63750	7500	63750	7500	0	0	0	0	0	0	0	0	0	0	0	0	6	0	0	0	0	0
1251	62	51480000	2261	66300	7800	66300	7800	0	0	0	0	0	0	0	0	0	0	0	0	6	0	0	0	0	0
1251	63	53460000	2262	68850	8100	68850	8100	0	0	0	0	0	0	0	0	0	0	0	0	6	0	0	0	0	0
1251	64	55440000	2263	71400	8400	71400	8400	0	0	0	0	0	0	0	0	0	0	0	0	6	0	0	0	0	0
1251	65	57420000	2264	73950	8700	73950	8700	0	0	0	0	0	0	0	0	0	0	0	0	6	0	0	0	0	0
1251	66	59400000	2265	76500	9000	76500	9000	0	0	0	0	0	0	0	0	0	0	0	0	6	0	0	0	0	0
1251	67	61380000	2266	79050	9300	79050	9300	0	0	0	0	0	0	0	0	0	0	0	0	6	0	0	0	0	0
1251	68	63360000	2267	81600	9600	81600	9600	0	0	0	0	0	0	0	0	0	0	0	0	6	0	0	0	0	0
1251	69	65340000	2268	84150	9900	84150	9900	0	0	0	0	0	0	0	0	0	0	0	0	6	0	0	0	0	0
1251	70	73440000	2269	86700	10200	86700	10200	0	0	0	0	0	0	0	0	0	0	0	0	6	0	0	0	0	0
1251	71	75600000	2270	89250	10500	89250	10500	0	0	0	0	0	0	0	0	0	0	0	0	6	0	0	0	0	0
1251	72	77760000	2271	91800	10800	91800	10800	0	0	0	0	0	0	0	0	0	0	0	0	6	0	0	0	0	0
1251	73	79920000	2272	94350	11100	94350	11100	0	0	0	0	0	0	0	0	0	0	0	0	6	0	0	0	0	0
1251	74	82080000	2273	96900	11400	96900	11400	0	0	0	0	0	0	0	0	0	0	0	0	6	0	0	0	0	0
1251	75	84240000	2274	99450	11700	99450	11700	0	0	0	0	0	0	0	0	0	0	0	0	6	0	0	0	0	0
1251	76	86400000	2275	102000	12000	102000	12000	0	0	0	0	0	0	0	0	0	0	0	0	6	0	0	0	0	0
1251	77	88560000	2276	104550	12300	104550	12300	0	0	0	0	0	0	0	0	0	0	0	0	6	0	0	0	0	0
1251	78	90720000	2277	107100	12600	107100	12600	0	0	0	0	0	0	0	0	0	0	0	0	6	0	0	0	0	0
1251	79	92880000	2278	109650	12900	109650	12900	0	0	0	0	0	0	0	0	0	0	0	0	6	0	0	0	0	0
1251	80	102960000	2279	112200	13200	112200	13200	0	0	0	0	0	0	0	0	0	0	0	0	6	0	0	0	0	0
1251	81	102960000	2280	112200	13200	112200	13200	0	0	0	0	0	0	0	0	0	0	0	0	6	0	0	0	0	0
1251	82	102960000	2281	112200	13200	112200	13200	0	0	0	0	0	0	0	0	0	0	0	0	6	0	0	0	0	0
1251	83	102960000	2282	112200	13200	112200	13200	0	0	0	0	0	0	0	0	0	0	0	0	6	0	0	0	0	0
1251	84	102960000	2283	112200	13200	112200	13200	0	0	0	0	0	0	0	0	0	0	0	0	6	0	0	0	0	0
1251	85	102960000	2284	112200	13200	112200	13200	0	0	0	0	0	0	0	0	0	0	0	0	6	0	0	0	0	0
1251	86	102960000	2285	112200	13200	112200	13200	0	0	0	0	0	0	0	0	0	0	0	0	6	0	0	0	0	0
1251	87	102960000	2286	112200	13200	112200	13200	0	0	0	0	0	0	0	0	0	0	0	0	6	0	0	0	0	0
1251	88	102960000	2287	112200	13200	112200	13200	0	0	0	0	0	0	0	0	0	0	0	0	6	0	0	0	0	0
1251	89	102960000	2288	112200	13200	112200	13200	0	0	0	0	0	0	0	0	0	0	0	0	6	0	0	0	0	0
1251	90	110880000	2289	112200	13200	112200	13200	0	0	0	0	0	0	0	0	0	0	0	0	6	0	0	0	0	0
1251	91	110880000	2290	112200	13200	112200	13200	0	0	0	0	0	0	0	0	0	0	0	0	6	0	0	0	0	0
1251	92	110880000	2291	112200	13200	112200	13200	0	0	0	0	0	0	0	0	0	0	0	0	6	0	0	0	0	0
1251	93	110880000	2292	112200	13200	112200	13200	0	0	0	0	0	0	0	0	0	0	0	0	6	0	0	0	0	0
1251	94	110880000	2293	112200	13200	112200	13200	0	0	0	0	0	0	0	0	0	0	0	0	6	0	0	0	0	0
1251	95	110880000	2294	112200	13200	112200	13200	0	0	0	0	0	0	0	0	0	0	0	0	6	0	0	0	0	0
1251	96	110880000	2295	112200	13200	112200	13200	0	0	0	0	0	0	0	0	0	0	0	0	6	0	0	0	0	0
1251	97	110880000	2296	112200	13200	112200	13200	0	0	0	0	0	0	0	0	0	0	0	0	6	0	0	0	0	0
1251	98	110880000	2297	112200	13200	112200	13200	0	0	0	0	0	0	0	0	0	0	0	0	6	0	0	0	0	0
1251	99	110880000	2298	112200	13200	112200	13200	0	0	0	0	0	0	0	0	0	0	0	0	6	0	0	0	0	0
1251	100	118800000	2299	112200	13200	112200	13200	0	0	0	0	0	0	0	0	0	0	0	0	6	0	0	0	0	0
1251	101	118800000	2300	112200	13200	112200	13200	0	0	0	0	0	0	0	0	0	0	0	0	6	0	0	0	0	0
1251	102	118800000	2301	112200	13200	112200	13200	0	0	0	0	0	0	0	0	0	0	0	0	6	0	0	0	0	0
1251	103	118800000	2302	112200	13200	112200	13200	0	0	0	0	0	0	0	0	0	0	0	0	6	0	0	0	0	0
1251	104	118800000	2303	112200	13200	112200	13200	0	0	0	0	0	0	0	0	0	0	0	0	6	0	0	0	0	0
1251	105	118800000	2304	112200	13200	112200	13200	0	0	0	0	0	0	0	0	0	0	0	0	6	0	0	0	0	0
1251	106	118800000	2305	112200	13200	112200	13200	0	0	0	0	0	0	0	0	0	0	0	0	6	0	0	0	0	0
1251	107	118800000	2306	112200	13200	112200	13200	0	0	0	0	0	0	0	0	0	0	0	0	6	0	0	0	0	0
1251	108	118800000	2307	112200	13200	112200	13200	0	0	0	0	0	0	0	0	0	0	0	0	6	0	0	0	0	0
1251	109	118800000	2308	112200	13200	112200	13200	0	0	0	0	0	0	0	0	0	0	0	0	6	0	0	0	0	0
1251	110	118800000	2309	112200	13200	112200	13200	0	0	0	0	0	0	0	0	0	0	0	0	6	0	0	0	0	0
1251	111	118800000	2310	112200	13200	112200	13200	0	0	0	0	0	0	0	0	0	0	0	0	6	0	0	0	0	0
1251	112	118800000	2311	112200	13200	112200	13200	0	0	0	0	0	0	0	0	0	0	0	0	6	0	0	0	0	0
1251	113	118800000	2312	112200	13200	112200	13200	0	0	0	0	0	0	0	0	0	0	0	0	6	0	0	0	0	0
1251	114	118800000	2313	112200	13200	112200	13200	0	0	0	0	0	0	0	0	0	0	0	0	6	0	0	0	0	0
1251	115	118800000	2314	112200	13200	112200	13200	0	0	0	0	0	0	0	0	0	0	0	0	6	0	0	0	0	0
1251	116	118800000	2315	112200	13200	112200	13200	0	0	0	0	0	0	0	0	0	0	0	0	6	0	0	0	0	0
1251	117	118800000	2316	112200	13200	112200	13200	0	0	0	0	0	0	0	0	0	0	0	0	6	0	0	0	0	0
1251	118	118800000	2317	112200	13200	112200	13200	0	0	0	0	0	0	0	0	0	0	0	0	6	0	0	0	0	0
1251	119	118800000	2318	112200	13200	112200	13200	0	0	0	0	0	0	0	0	0	0	0	0	6	0	0	0	0	0
1251	120	118800000	2319	112200	13200	112200	13200	0	0	0	0	0	0	0	0	0	0	0	0	6	0	0	0	0	0
1251	121	118800000	2320	112200	13200	112200	13200	0	0	0	0	0	0	0	0	0	0	0	0	6	0	0	0	0	0
1251	122	118800000	2321	112200	13200	112200	13200	0	0	0	0	0	0	0	0	0	0	0	0	6	0	0	0	0	0
1251	123	118800000	2322	112200	13200	112200	13200	0	0	0	0	0	0	0	0	0	0	0	0	6	0	0	0	0	0
1251	124	118800000	2323	112200	13200	112200	13200	0	0	0	0	0	0	0	0	0	0	0	0	6	0	0	0	0	0
1251	125	118800000	2324	112200	13200	112200	13200	0	0	0	0	0	0	0	0	0	0	0	0	6	0	0	0	0	0
1251	126	118800000	2325	112200	13200	112200	13200	0	0	0	0	0	0	0	0	0	0	0	0	6	0	0	0	0	0
1251	127	118800000	2326	112200	13200	112200	13200	0	0	0	0	0	0	0	0	0	0	0	0	6	0	0	0	0	0
1251	128	118800000	2327	112200	13200	112200	13200	0	0	0	0	0	0	0	0	0	0	0	0	6	0	0	0	0	0
1251	129	118800000	2328	112200	13200	112200	13200	0	0	0	0	0	0	0	0	0	0	0	0	6	0	0	0	0	0
1251	130	118800000	2329	112200	13200	112200	13200	0	0	0	0	0	0	0	0	0	0	0	0	6	0	0	0	0	0
1251	131	118800000	2330	112200	13200	112200	13200	0	0	0	0	0	0	0	0	0	0	0	0	6	0	0	0	0	0
1251	132	118800000	2331	112200	13200	112200	13200	0	0	0	0	0	0	0	0	0	0	0	0	6	0	0	0	0	0
1251	133	118800000	2332	112200	13200	112200	13200	0	0	0	0	0	0	0	0	0	0	0	0	6	0	0	0	0	0
1251	134	118800000	2333	112200	13200	112200	13200	0	0	0	0	0	0	0	0	0	0	0	0	6	0	0	0	0	0
1251	135	118800000	2334	112200	13200	112200	13200	0	0	0	0	0	0	0	0	0	0	0	0	6	0	0	0	0	0
1251	136	118800000	2335	112200	13200	112200	13200	0	0	0	0	0	0	0	0	0	0	0	0	6	0	0	0	0	0
1251	137	118800000	2336	112200	13200	112200	13200	0	0	0	0	0	0	0	0	0	0	0	0	6	0	0	0	0	0
1251	138	118800000	2337	112200	13200	112200	13200	0	0	0	0	0	0	0	0	0	0	0	0	6	0	0	0	0	0
1251	139	118800000	2338	112200	13200	112200	13200	0	0	0	0	0	0	0	0	0	0	0	0	6	0	0	0	0	0
1251	140	118800000	2339	112200	13200	112200	13200	0	0	0	0	0	0	0	0	0	0	0	0	6	0	0	0	0	0
1251	141	118800000	2340	112200	13200	112200	13200	0	0	0	0	0	0	0	0	0	0	0	0	6	0	0	0	0	0
1251	142	118800000	2341	112200	13200	112200	13200	0	0	0	0	0	0	0	0	0	0	0	0	6	0	0	0	0	0
1251	143	118800000	2342	112200	13200	112200	13200	0	0	0	0	0	0	0	0	0	0	0	0	6	0	0	0	0	0
1251	144	118800000	2343	112200	13200	112200	13200	0	0	0	0	0	0	0	0	0	0	0	0	6	0	0	0	0	0
1251	145	118800000	2344	112200	13200	112200	13200	0	0	0	0	0	0	0	0	0	0	0	0	6	0	0	0	0	0
1251	146	118800000	2345	112200	13200	112200	13200	0	0	0	0	0	0	0	0	0	0	0	0	6	0	0	0	0	0
1251	147	118800000	2346	112200	13200	112200	13200	0	0	0	0	0	0	0	0	0	0	0	0	6	0	0	0	0	0
1251	148	118800000	2347	112200	13200	112200	13200	0	0	0	0	0	0	0	0	0	0	0	0	6	0	0	0	0	0
1251	149	118800000	2348	112200	13200	112200	13200	0	0	0	0	0	0	0	0	0	0	0	0	6	0	0	0	0	0
1251	150	118800000	2349	112200	13200	112200	13200	0	0	0	0	0	0	0	0	0	0	0	0	6	0	0	0	0	0
1251	151	118800000	2350	112200	13200	112200	13200	0	0	0	0	0	0	0	0	0	0	0	0	6	0	0	0	0	0
1251	152	118800000	2351	112200	13200	112200	13200	0	0	0	0	0	0	0	0	0	0	0	0	6	0	0	0	0	0
1251	153	118800000	2352	112200	13200	112200	13200	0	0	0	0	0	0	0	0	0	0	0	0	6	0	0	0	0	0
1251	154	118800000	2353	112200	13200	112200	13200	0	0	0	0	0	0	0	0	0	0	0	0	6	0	0	0	0	0
1251	155	118800000	2354	112200	13200	112200	13200	0	0	0	0	0	0	0	0	0	0	0	0	6	0	0	0	0	0
1251	156	118800000	2355	112200	13200	112200	13200	0	0	0	0	0	0	0	0	0	0	0	0	6	0	0	0	0	0
1251	157	118800000	2356	112200	13200	112200	13200	0	0	0	0	0	0	0	0	0	0	0	0	6	0	0	0	0	0
1251	158	118800000	2357	112200	13200	112200	13200	0	0	0	0	0	0	0	0	0	0	0	0	6	0	0	0	0	0
1251	159	118800000	2358	112200	13200	112200	13200	0	0	0	0	0	0	0	0	0	0	0	0	6	0	0	0	0	0
1251	160	118800000	2359	112200	13200	112200	13200	0	0	0	0	0	0	0	0	0	0	0	0	6	0	0	0	0	0
1251	161	118800000	2360	112200	13200	112200	13200	0	0	0	0	0	0	0	0	0	0	0	0	6	0	0	0	0	0
1251	162	118800000	2361	112200	13200	112200	13200	0	0	0	0	0	0	0	0	0	0	0	0	6	0	0	0	0	0
1251	163	118800000	2362	112200	13200	112200	13200	0	0	0	0	0	0	0	0	0	0	0	0	6	0	0	0	0	0
1251	164	118800000	2363	112200	13200	112200	13200	0	0	0	0	0	0	0	0	0	0	0	0	6	0	0	0	0	0
1251	165	118800000	2364	112200	13200	112200	13200	0	0	0	0	0	0	0	0	0	0	0	0	6	0	0	0	0	0
1251	166	118800000	2365	112200	13200	112200	13200	0	0	0	0	0	0	0	0	0	0	0	0	6	0	0	0	0	0
1251	167	118800000	2366	112200	13200	112200	13200	0	0	0	0	0	0	0	0	0	0	0	0	6	0	0	0	0	0
1251	168	118800000	2367	112200	13200	112200	13200	0	0	0	0	0	0	0	0	0	0	0	0	6	0	0	0	0	0
1251	169	118800000	2368	112200	13200	112200	13200	0	0	0	0	0	0	0	0	0	0	0	0	6	0	0	0	0	0
1251	170	118800000	2369	112200	13200	112200	13200	0	0	0	0	0	0	0	0	0	0	0	0	6	0	0	0	0	0
1251	171	118800000	2370	112200	13200	112200	13200	0	0	0	0	0	0	0	0	0	0	0	0	6	0	0	0	0	0
1251	172	118800000	2371	112200	13200	112200	13200	0	0	0	0	0	0	0	0	0	0	0	0	6	0	0	0	0	0
1251	173	118800000	2372	112200	13200	112200	13200	0	0	0	0	0	0	0	0	0	0	0	0	6	0	0	0	0	0
1251	174	118800000	2373	112200	13200	112200	13200	0	0	0	0	0	0	0	0	0	0	0	0	6	0	0	0	0	0
1251	175	118800000	2374	112200	13200	112200	13200	0	0	0	0	0	0	0	0	0	0	0	0	6	0	0	0	0	0
1251	176	118800000	2375	112200	13200	112200	13200	0	0	0	0	0	0	0	0	0	0	0	0	6	0	0	0	0	0
1251	177	118800000	2376	112200	13200	112200	13200	0	0	0	0	0	0	0	0	0	0	0	0	6	0	0	0	0	0
1251	178	118800000	2377	112200	13200	112200	13200	0	0	0	0	0	0	0	0	0	0	0	0	6	0	0	0	0	0
1251	179	118800000	2378	112200	13200	112200	13200	0	0	0	0	0	0	0	0	0	0	0	0	6	0	0	0	0	0
1251	180	118800000	2379	112200	13200	112200	13200	0	0	0	0	0	0	0	0	0	0	0	0	6	0	0	0	0	0
1251	181	118800000	2380	112200	13200	112200	13200	0	0	0	0	0	0	0	0	0	0	0	0	6	0	0	0	0	0
1251	182	118800000	2381	112200	13200	112200	13200	0	0	0	0	0	0	0	0	0	0	0	0	6	0	0	0	0	0
1251	183	118800000	2382	112200	13200	112200	13200	0	0	0	0	0	0	0	0	0	0	0	0	6	0	0	0	0	0
1251	184	118800000	2383	112200	13200	112200	13200	0	0	0	0	0	0	0	0	0	0	0	0	6	0	0	0	0	0
1251	185	118800000	2384	112200	13200	112200	13200	0	0	0	0	0	0	0	0	0	0	0	0	6	0	0	0	0	0
1251	186	118800000	2385	112200	13200	112200	13200	0	0	0	0	0	0	0	0	0	0	0	0	6	0	0	0	0	0
1251	187	118800000	2386	112200	13200	112200	13200	0	0	0	0	0	0	0	0	0	0	0	0	6	0	0	0	0	0
1251	188	118800000	2387	112200	13200	112200	13200	0	0	0	0	0	0	0	0	0	0	0	0	6	0	0	0	0	0
1251	189	118800000	2388	112200	13200	112200	13200	0	0	0	0	0	0	0	0	0	0	0	0	6	0	0	0	0	0
1251	190	118800000	2389	112200	13200	112200	13200	0	0	0	0	0	0	0	0	0	0	0	0	6	0	0	0	0	0
1251	191	118800000	2390	112200	13200	112200	13200	0	0	0	0	0	0	0	0	0	0	0	0	6	0	0	0	0	0
1251	192	118800000	2391	112200	13200	112200	13200	0	0	0	0	0	0	0	0	0	0	0	0	6	0	0	0	0	0
1251	193	118800000	2392	112200	13200	112200	13200	0	0	0	0	0	0	0	0	0	0	0	0	6	0	0	0	0	0
1251	194	118800000	2393	112200	13200	112200	13200	0	0	0	0	0	0	0	0	0	0	0	0	6	0	0	0	0	0
1251	195	118800000	2394	112200	13200	112200	13200	0	0	0	0	0	0	0	0	0	0	0	0	6	0	0	0	0	0
1251	196	118800000	2395	112200	13200	112200	13200	0	0	0	0	0	0	0	0	0	0	0	0	6	0	0	0	0	0
1251	197	118800000	2396	112200	13200	112200	13200	0	0	0	0	0	0	0	0	0	0	0	0	6	0	0	0	0	0
1251	198	118800000	2397	112200	13200	112200	13200	0	0	0	0	0	0	0	0	0	0	0	0	6	0	0	0	0	0
1251	199	118800000	2398	112200	13200	112200	13200	0	0	0	0	0	0	0	0	0	0	0	0	6	0	0	0	0	0
1251	200	118800000	2399	112200	13200	112200	13200	0	0	0	0	0	0	0	0	0	0	0	0	6	0	0	0	0	0
1252	1	762750	2400	1441	170	1441	170	0	0	0	0	0	0	0	0	0	0	0	0	4	0	0	0	0	0
1252	2	807750	2401	1526	180	1526	180	0	0	0	0	0	0	0	0	0	0	0	0	4	0	0	0	0	0
1252	3	855000	2402	1616	190	1616	190	0	0	0	0	0	0	0	0	0	0	0	0	4	0	0	0	0	0
1252	4	904500	2403	1709	201	1709	201	0	0	0	0	0	0	0	0	0	0	0	0	4	0	0	0	0	0
1252	5	956250	2404	1808	213	1808	213	0	0	0	0	0	0	0	0	0	0	0	0	4	0	0	0	0	0
1252	6	1012500	2405	1913	225	1913	225	0	0	0	0	0	0	0	0	0	0	0	0	4	0	0	0	0	0
1252	7	1071000	2406	2025	238	2025	238	0	0	0	0	0	0	0	0	0	0	0	0	4	0	0	0	0	0
1252	8	1134000	2407	2143	252	2143	252	0	0	0	0	0	0	0	0	0	0	0	0	4	0	0	0	0	0
1252	9	1201500	2408	2269	267	2269	267	0	0	0	0	0	0	0	0	0	0	0	0	4	0	0	0	0	0
1252	10	1528200	2409	2405	283	2405	283	0	0	0	0	0	0	0	0	0	0	0	0	4	0	0	0	0	0
1252	11	1620000	2410	2551	300	2551	300	0	0	0	0	0	0	0	0	0	0	0	0	4	0	0	0	0	0
1252	12	1719900	2411	2708	319	2708	319	0	0	0	0	0	0	0	0	0	0	0	0	4	0	0	0	0	0
1252	13	1825200	2412	2876	338	2876	338	0	0	0	0	0	0	0	0	0	0	0	0	4	0	0	0	0	0
1252	14	1941300	2413	3057	360	3057	360	0	0	0	0	0	0	0	0	0	0	0	0	4	0	0	0	0	0
1252	15	2065500	2414	3254	383	3254	383	0	0	0	0	0	0	0	0	0	0	0	0	4	0	0	0	0	0
1252	16	2200500	2415	3466	408	3466	408	0	0	0	0	0	0	0	0	0	0	0	0	4	0	0	0	0	0
1252	17	2346300	2416	3695	435	3695	435	0	0	0	0	0	0	0	0	0	0	0	0	4	0	0	0	0	0
1252	18	2502900	2417	3942	464	3942	464	0	0	0	0	0	0	0	0	0	0	0	0	4	0	0	0	0	0
1252	19	2673000	2418	4210	495	4210	495	0	0	0	0	0	0	0	0	0	0	0	0	4	0	0	0	0	0
1252	20	3332700	2419	4499	529	4499	529	0	0	0	0	0	0	0	0	0	0	0	0	4	0	0	0	0	0
1252	21	3565800	2420	4813	566	4813	566	0	0	0	0	0	0	0	0	0	0	0	0	4	0	0	0	0	0
1252	22	3814650	2421	5150	606	5150	606	0	0	0	0	0	0	0	0	0	0	0	0	4	0	0	0	0	0
1252	23	4085550	2422	5515	649	5515	649	0	0	0	0	0	0	0	0	0	0	0	0	4	0	0	0	0	0
1252	24	4378500	2423	5909	695	5909	695	0	0	0	0	0	0	0	0	0	0	0	0	4	0	0	0	0	0
1252	25	4693500	2424	6333	745	6333	745	0	0	0	0	0	0	0	0	0	0	0	0	4	0	0	0	0	0
1252	26	5033700	2425	6791	799	6791	799	0	0	0	0	0	0	0	0	0	0	0	0	4	0	0	0	0	0
1252	27	5399100	2426	7285	857	7285	857	0	0	0	0	0	0	0	0	0	0	0	0	4	0	0	0	0	0
1252	28	5792850	2427	7815	920	7815	920	0	0	0	0	0	0	0	0	0	0	0	0	4	0	0	0	0	0
1252	29	6214950	2428	8387	987	8387	987	0	0	0	0	0	0	0	0	0	0	0	0	4	0	0	0	0	0
1252	30	7621200	2429	9001	1059	9001	1059	0	0	0	0	0	0	0	0	0	0	0	0	4	0	0	0	0	0
1252	31	8182800	2430	9660	1137	9660	1137	0	0	0	0	0	0	0	0	0	0	0	0	4	0	0	0	0	0
1252	32	8780400	2431	10367	1220	10367	1220	0	0	0	0	0	0	0	0	0	0	0	0	4	0	0	0	0	0
1252	33	9421200	2432	11126	1309	11126	1309	0	0	0	0	0	0	0	0	0	0	0	0	4	0	0	0	0	0
1252	34	10112400	2433	11938	1405	11938	1405	0	0	0	0	0	0	0	0	0	0	0	0	4	0	0	0	0	0
1252	35	10846800	2434	12807	1507	12807	1507	0	0	0	0	0	0	0	0	0	0	0	0	4	0	0	0	0	0
1252	36	11635200	2435	13737	1616	13737	1616	0	0	0	0	0	0	0	0	0	0	0	0	4	0	0	0	0	0
1252	37	12474000	2436	14729	1733	14729	1733	0	0	0	0	0	0	0	0	0	0	0	0	4	0	0	0	0	0
1252	38	13374000	2437	15789	1858	15789	1858	0	0	0	0	0	0	0	0	0	0	0	0	4	0	0	0	0	0
1252	39	14331600	2438	16920	1991	16920	1991	0	0	0	0	0	0	0	0	0	0	0	0	4	0	0	0	0	0
1252	40	17269200	2439	18125	2132	18125	2132	0	0	0	0	0	0	0	0	0	0	0	0	4	0	0	0	0	0
1252	41	18492300	2440	19407	2283	19407	2283	0	0	0	0	0	0	0	0	0	0	0	0	4	0	0	0	0	0
1252	42	19792350	2441	20772	2444	20772	2444	0	0	0	0	0	0	0	0	0	0	0	0	4	0	0	0	0	0
1252	43	21177450	2442	22224	2615	22224	2615	0	0	0	0	0	0	0	0	0	0	0	0	4	0	0	0	0	0
1252	44	22643550	2443	23764	2796	23764	2796	0	0	0	0	0	0	0	0	0	0	0	0	4	0	0	0	0	0
1252	45	24202800	2444	25401	2988	25401	2988	0	0	0	0	0	0	0	0	0	0	0	0	4	0	0	0	0	0
1252	46	25855200	2445	27135	3192	27135	3192	0	0	0	0	0	0	0	0	0	0	0	0	4	0	0	0	0	0
1252	47	27608850	2446	28974	3409	28974	3409	0	0	0	0	0	0	0	0	0	0	0	0	4	0	0	0	0	0
1252	48	29463750	2447	30920	3638	30920	3638	0	0	0	0	0	0	0	0	0	0	0	0	4	0	0	0	0	0
1252	49	31428000	2448	32981	3880	32981	3880	0	0	0	0	0	0	0	0	0	0	0	0	4	0	0	0	0	0
1252	50	37224000	2449	35160	4136	35160	4136	0	0	0	0	0	0	0	0	0	0	0	0	4	0	0	0	0	0
1252	51	40500000	2450	38250	4500	38250	4500	0	0	0	0	0	0	0	0	0	0	0	0	4	0	0	0	0	0
1252	52	43200000	2451	40800	4800	40800	4800	0	0	0	0	0	0	0	0	0	0	0	0	4	0	0	0	0	0
1252	53	45900000	2452	43350	5100	43350	5100	0	0	0	0	0	0	0	0	0	0	0	0	4	0	0	0	0	0
1252	54	48600000	2453	45900	5400	45900	5400	0	0	0	0	0	0	0	0	0	0	0	0	4	0	0	0	0	0
1252	55	51300000	2454	48450	5700	48450	5700	0	0	0	0	0	0	0	0	0	0	0	0	4	0	0	0	0	0
1252	56	54000000	2455	51000	6000	51000	6000	0	0	0	0	0	0	0	0	0	0	0	0	4	0	0	0	0	0
1252	57	56700000	2456	53550	6300	53550	6300	0	0	0	0	0	0	0	0	0	0	0	0	4	0	0	0	0	0
1252	58	59400000	2457	56100	6600	56100	6600	0	0	0	0	0	0	0	0	0	0	0	0	4	0	0	0	0	0
1252	59	62100000	2458	58650	6900	58650	6900	0	0	0	0	0	0	0	0	0	0	0	0	4	0	0	0	0	0
1252	60	71280000	2459	61200	7200	61200	7200	0	0	0	0	0	0	0	0	0	0	0	0	4	0	0	0	0	0
1252	61	74250000	2460	63750	7500	63750	7500	0	0	0	0	0	0	0	0	0	0	0	0	4	0	0	0	0	0
1252	62	77220000	2461	66300	7800	66300	7800	0	0	0	0	0	0	0	0	0	0	0	0	4	0	0	0	0	0
1252	63	80190000	2462	68850	8100	68850	8100	0	0	0	0	0	0	0	0	0	0	0	0	4	0	0	0	0	0
1252	64	83160000	2463	71400	8400	71400	8400	0	0	0	0	0	0	0	0	0	0	0	0	4	0	0	0	0	0
1252	65	86130000	2464	73950	8700	73950	8700	0	0	0	0	0	0	0	0	0	0	0	0	4	0	0	0	0	0
1252	66	89100000	2465	76500	9000	76500	9000	0	0	0	0	0	0	0	0	0	0	0	0	4	0	0	0	0	0
1252	67	92070000	2466	79050	9300	79050	9300	0	0	0	0	0	0	0	0	0	0	0	0	4	0	0	0	0	0
1252	68	95040000	2467	81600	9600	81600	9600	0	0	0	0	0	0	0	0	0	0	0	0	4	0	0	0	0	0
1252	69	98010000	2468	84150	9900	84150	9900	0	0	0	0	0	0	0	0	0	0	0	0	4	0	0	0	0	0
1252	70	110160000	2469	86700	10200	86700	10200	0	0	0	0	0	0	0	0	0	0	0	0	4	0	0	0	0	0
1252	71	113400000	2470	89250	10500	89250	10500	0	0	0	0	0	0	0	0	0	0	0	0	4	0	0	0	0	0
1252	72	116640000	2471	91800	10800	91800	10800	0	0	0	0	0	0	0	0	0	0	0	0	4	0	0	0	0	0
1252	73	119880000	2472	94350	11100	94350	11100	0	0	0	0	0	0	0	0	0	0	0	0	4	0	0	0	0	0
1252	74	123120000	2473	96900	11400	96900	11400	0	0	0	0	0	0	0	0	0	0	0	0	4	0	0	0	0	0
1252	75	126360000	2474	99450	11700	99450	11700	0	0	0	0	0	0	0	0	0	0	0	0	4	0	0	0	0	0
1252	76	129600000	2475	102000	12000	102000	12000	0	0	0	0	0	0	0	0	0	0	0	0	4	0	0	0	0	0
1252	77	132840000	2476	104550	12300	104550	12300	0	0	0	0	0	0	0	0	0	0	0	0	4	0	0	0	0	0
1252	78	136080000	2477	107100	12600	107100	12600	0	0	0	0	0	0	0	0	0	0	0	0	4	0	0	0	0	0
1252	79	139320000	2478	109650	12900	109650	12900	0	0	0	0	0	0	0	0	0	0	0	0	4	0	0	0	0	0
1252	80	154440000	2479	112200	13200	112200	13200	0	0	0	0	0	0	0	0	0	0	0	0	4	0	0	0	0	0
1252	81	154440000	2480	112200	13200	112200	13200	0	0	0	0	0	0	0	0	0	0	0	0	4	0	0	0	0	0
1252	82	154440000	2481	112200	13200	112200	13200	0	0	0	0	0	0	0	0	0	0	0	0	4	0	0	0	0	0
1252	83	154440000	2482	112200	13200	112200	13200	0	0	0	0	0	0	0	0	0	0	0	0	4	0	0	0	0	0
1252	84	154440000	2483	112200	13200	112200	13200	0	0	0	0	0	0	0	0	0	0	0	0	4	0	0	0	0	0
1252	85	154440000	2484	112200	13200	112200	13200	0	0	0	0	0	0	0	0	0	0	0	0	4	0	0	0	0	0
1252	86	154440000	2485	112200	13200	112200	13200	0	0	0	0	0	0	0	0	0	0	0	0	4	0	0	0	0	0
1252	87	154440000	2486	112200	13200	112200	13200	0	0	0	0	0	0	0	0	0	0	0	0	4	0	0	0	0	0
1252	88	154440000	2487	112200	13200	112200	13200	0	0	0	0	0	0	0	0	0	0	0	0	4	0	0	0	0	0
1252	89	154440000	2488	112200	13200	112200	13200	0	0	0	0	0	0	0	0	0	0	0	0	4	0	0	0	0	0
1252	90	166320000	2489	112200	13200	112200	13200	0	0	0	0	0	0	0	0	0	0	0	0	4	0	0	0	0	0
1252	91	166320000	2490	112200	13200	112200	13200	0	0	0	0	0	0	0	0	0	0	0	0	4	0	0	0	0	0
1252	92	166320000	2491	112200	13200	112200	13200	0	0	0	0	0	0	0	0	0	0	0	0	4	0	0	0	0	0
1252	93	166320000	2492	112200	13200	112200	13200	0	0	0	0	0	0	0	0	0	0	0	0	4	0	0	0	0	0
1252	94	166320000	2493	112200	13200	112200	13200	0	0	0	0	0	0	0	0	0	0	0	0	4	0	0	0	0	0
1252	95	166320000	2494	112200	13200	112200	13200	0	0	0	0	0	0	0	0	0	0	0	0	4	0	0	0	0	0
1252	96	166320000	2495	112200	13200	112200	13200	0	0	0	0	0	0	0	0	0	0	0	0	4	0	0	0	0	0
1252	97	166320000	2496	112200	13200	112200	13200	0	0	0	0	0	0	0	0	0	0	0	0	4	0	0	0	0	0
1252	98	166320000	2497	112200	13200	112200	13200	0	0	0	0	0	0	0	0	0	0	0	0	4	0	0	0	0	0
1252	99	166320000	2498	112200	13200	112200	13200	0	0	0	0	0	0	0	0	0	0	0	0	4	0	0	0	0	0
1252	100	178200000	2499	112200	13200	112200	13200	0	0	0	0	0	0	0	0	0	0	0	0	4	0	0	0	0	0
1252	101	178200000	2500	112200	13200	112200	13200	0	0	0	0	0	0	0	0	0	0	0	0	4	0	0	0	0	0
1252	102	178200000	2501	112200	13200	112200	13200	0	0	0	0	0	0	0	0	0	0	0	0	4	0	0	0	0	0
1252	103	178200000	2502	112200	13200	112200	13200	0	0	0	0	0	0	0	0	0	0	0	0	4	0	0	0	0	0
1252	104	178200000	2503	112200	13200	112200	13200	0	0	0	0	0	0	0	0	0	0	0	0	4	0	0	0	0	0
1252	105	178200000	2504	112200	13200	112200	13200	0	0	0	0	0	0	0	0	0	0	0	0	4	0	0	0	0	0
1252	106	178200000	2505	112200	13200	112200	13200	0	0	0	0	0	0	0	0	0	0	0	0	4	0	0	0	0	0
1252	107	178200000	2506	112200	13200	112200	13200	0	0	0	0	0	0	0	0	0	0	0	0	4	0	0	0	0	0
1252	108	178200000	2507	112200	13200	112200	13200	0	0	0	0	0	0	0	0	0	0	0	0	4	0	0	0	0	0
1252	109	178200000	2508	112200	13200	112200	13200	0	0	0	0	0	0	0	0	0	0	0	0	4	0	0	0	0	0
1252	110	178200000	2509	112200	13200	112200	13200	0	0	0	0	0	0	0	0	0	0	0	0	4	0	0	0	0	0
1252	111	178200000	2510	112200	13200	112200	13200	0	0	0	0	0	0	0	0	0	0	0	0	4	0	0	0	0	0
1252	112	178200000	2511	112200	13200	112200	13200	0	0	0	0	0	0	0	0	0	0	0	0	4	0	0	0	0	0
1252	113	178200000	2512	112200	13200	112200	13200	0	0	0	0	0	0	0	0	0	0	0	0	4	0	0	0	0	0
1252	114	178200000	2513	112200	13200	112200	13200	0	0	0	0	0	0	0	0	0	0	0	0	4	0	0	0	0	0
1252	115	178200000	2514	112200	13200	112200	13200	0	0	0	0	0	0	0	0	0	0	0	0	4	0	0	0	0	0
1252	116	178200000	2515	112200	13200	112200	13200	0	0	0	0	0	0	0	0	0	0	0	0	4	0	0	0	0	0
1252	117	178200000	2516	112200	13200	112200	13200	0	0	0	0	0	0	0	0	0	0	0	0	4	0	0	0	0	0
1252	118	178200000	2517	112200	13200	112200	13200	0	0	0	0	0	0	0	0	0	0	0	0	4	0	0	0	0	0
1252	119	178200000	2518	112200	13200	112200	13200	0	0	0	0	0	0	0	0	0	0	0	0	4	0	0	0	0	0
1252	120	178200000	2519	112200	13200	112200	13200	0	0	0	0	0	0	0	0	0	0	0	0	4	0	0	0	0	0
1252	121	178200000	2520	112200	13200	112200	13200	0	0	0	0	0	0	0	0	0	0	0	0	4	0	0	0	0	0
1252	122	178200000	2521	112200	13200	112200	13200	0	0	0	0	0	0	0	0	0	0	0	0	4	0	0	0	0	0
1252	123	178200000	2522	112200	13200	112200	13200	0	0	0	0	0	0	0	0	0	0	0	0	4	0	0	0	0	0
1252	124	178200000	2523	112200	13200	112200	13200	0	0	0	0	0	0	0	0	0	0	0	0	4	0	0	0	0	0
1252	125	178200000	2524	112200	13200	112200	13200	0	0	0	0	0	0	0	0	0	0	0	0	4	0	0	0	0	0
1252	126	178200000	2525	112200	13200	112200	13200	0	0	0	0	0	0	0	0	0	0	0	0	4	0	0	0	0	0
1252	127	178200000	2526	112200	13200	112200	13200	0	0	0	0	0	0	0	0	0	0	0	0	4	0	0	0	0	0
1252	128	178200000	2527	112200	13200	112200	13200	0	0	0	0	0	0	0	0	0	0	0	0	4	0	0	0	0	0
1252	129	178200000	2528	112200	13200	112200	13200	0	0	0	0	0	0	0	0	0	0	0	0	4	0	0	0	0	0
1252	130	178200000	2529	112200	13200	112200	13200	0	0	0	0	0	0	0	0	0	0	0	0	4	0	0	0	0	0
1252	131	178200000	2530	112200	13200	112200	13200	0	0	0	0	0	0	0	0	0	0	0	0	4	0	0	0	0	0
1252	132	178200000	2531	112200	13200	112200	13200	0	0	0	0	0	0	0	0	0	0	0	0	4	0	0	0	0	0
1252	133	178200000	2532	112200	13200	112200	13200	0	0	0	0	0	0	0	0	0	0	0	0	4	0	0	0	0	0
1252	134	178200000	2533	112200	13200	112200	13200	0	0	0	0	0	0	0	0	0	0	0	0	4	0	0	0	0	0
1252	135	178200000	2534	112200	13200	112200	13200	0	0	0	0	0	0	0	0	0	0	0	0	4	0	0	0	0	0
1252	136	178200000	2535	112200	13200	112200	13200	0	0	0	0	0	0	0	0	0	0	0	0	4	0	0	0	0	0
1252	137	178200000	2536	112200	13200	112200	13200	0	0	0	0	0	0	0	0	0	0	0	0	4	0	0	0	0	0
1252	138	178200000	2537	112200	13200	112200	13200	0	0	0	0	0	0	0	0	0	0	0	0	4	0	0	0	0	0
1252	139	178200000	2538	112200	13200	112200	13200	0	0	0	0	0	0	0	0	0	0	0	0	4	0	0	0	0	0
1252	140	178200000	2539	112200	13200	112200	13200	0	0	0	0	0	0	0	0	0	0	0	0	4	0	0	0	0	0
1252	141	178200000	2540	112200	13200	112200	13200	0	0	0	0	0	0	0	0	0	0	0	0	4	0	0	0	0	0
1252	142	178200000	2541	112200	13200	112200	13200	0	0	0	0	0	0	0	0	0	0	0	0	4	0	0	0	0	0
1252	143	178200000	2542	112200	13200	112200	13200	0	0	0	0	0	0	0	0	0	0	0	0	4	0	0	0	0	0
1252	144	178200000	2543	112200	13200	112200	13200	0	0	0	0	0	0	0	0	0	0	0	0	4	0	0	0	0	0
1252	145	178200000	2544	112200	13200	112200	13200	0	0	0	0	0	0	0	0	0	0	0	0	4	0	0	0	0	0
1252	146	178200000	2545	112200	13200	112200	13200	0	0	0	0	0	0	0	0	0	0	0	0	4	0	0	0	0	0
1252	147	178200000	2546	112200	13200	112200	13200	0	0	0	0	0	0	0	0	0	0	0	0	4	0	0	0	0	0
1252	148	178200000	2547	112200	13200	112200	13200	0	0	0	0	0	0	0	0	0	0	0	0	4	0	0	0	0	0
1252	149	178200000	2548	112200	13200	112200	13200	0	0	0	0	0	0	0	0	0	0	0	0	4	0	0	0	0	0
1252	150	178200000	2549	112200	13200	112200	13200	0	0	0	0	0	0	0	0	0	0	0	0	4	0	0	0	0	0
1252	151	178200000	2550	112200	13200	112200	13200	0	0	0	0	0	0	0	0	0	0	0	0	4	0	0	0	0	0
1252	152	178200000	2551	112200	13200	112200	13200	0	0	0	0	0	0	0	0	0	0	0	0	4	0	0	0	0	0
1252	153	178200000	2552	112200	13200	112200	13200	0	0	0	0	0	0	0	0	0	0	0	0	4	0	0	0	0	0
1252	154	178200000	2553	112200	13200	112200	13200	0	0	0	0	0	0	0	0	0	0	0	0	4	0	0	0	0	0
1252	155	178200000	2554	112200	13200	112200	13200	0	0	0	0	0	0	0	0	0	0	0	0	4	0	0	0	0	0
1252	156	178200000	2555	112200	13200	112200	13200	0	0	0	0	0	0	0	0	0	0	0	0	4	0	0	0	0	0
1252	157	178200000	2556	112200	13200	112200	13200	0	0	0	0	0	0	0	0	0	0	0	0	4	0	0	0	0	0
1252	158	178200000	2557	112200	13200	112200	13200	0	0	0	0	0	0	0	0	0	0	0	0	4	0	0	0	0	0
1252	159	178200000	2558	112200	13200	112200	13200	0	0	0	0	0	0	0	0	0	0	0	0	4	0	0	0	0	0
1252	160	178200000	2559	112200	13200	112200	13200	0	0	0	0	0	0	0	0	0	0	0	0	4	0	0	0	0	0
1252	161	178200000	2560	112200	13200	112200	13200	0	0	0	0	0	0	0	0	0	0	0	0	4	0	0	0	0	0
1252	162	178200000	2561	112200	13200	112200	13200	0	0	0	0	0	0	0	0	0	0	0	0	4	0	0	0	0	0
1252	163	178200000	2562	112200	13200	112200	13200	0	0	0	0	0	0	0	0	0	0	0	0	4	0	0	0	0	0
1252	164	178200000	2563	112200	13200	112200	13200	0	0	0	0	0	0	0	0	0	0	0	0	4	0	0	0	0	0
1252	165	178200000	2564	112200	13200	112200	13200	0	0	0	0	0	0	0	0	0	0	0	0	4	0	0	0	0	0
1252	166	178200000	2565	112200	13200	112200	13200	0	0	0	0	0	0	0	0	0	0	0	0	4	0	0	0	0	0
1252	167	178200000	2566	112200	13200	112200	13200	0	0	0	0	0	0	0	0	0	0	0	0	4	0	0	0	0	0
1252	168	178200000	2567	112200	13200	112200	13200	0	0	0	0	0	0	0	0	0	0	0	0	4	0	0	0	0	0
1252	169	178200000	2568	112200	13200	112200	13200	0	0	0	0	0	0	0	0	0	0	0	0	4	0	0	0	0	0
1252	170	178200000	2569	112200	13200	112200	13200	0	0	0	0	0	0	0	0	0	0	0	0	4	0	0	0	0	0
1252	171	178200000	2570	112200	13200	112200	13200	0	0	0	0	0	0	0	0	0	0	0	0	4	0	0	0	0	0
1252	172	178200000	2571	112200	13200	112200	13200	0	0	0	0	0	0	0	0	0	0	0	0	4	0	0	0	0	0
1252	173	178200000	2572	112200	13200	112200	13200	0	0	0	0	0	0	0	0	0	0	0	0	4	0	0	0	0	0
1252	174	178200000	2573	112200	13200	112200	13200	0	0	0	0	0	0	0	0	0	0	0	0	4	0	0	0	0	0
1252	175	178200000	2574	112200	13200	112200	13200	0	0	0	0	0	0	0	0	0	0	0	0	4	0	0	0	0	0
1252	176	178200000	2575	112200	13200	112200	13200	0	0	0	0	0	0	0	0	0	0	0	0	4	0	0	0	0	0
1252	177	178200000	2576	112200	13200	112200	13200	0	0	0	0	0	0	0	0	0	0	0	0	4	0	0	0	0	0
1252	178	178200000	2577	112200	13200	112200	13200	0	0	0	0	0	0	0	0	0	0	0	0	4	0	0	0	0	0
1252	179	178200000	2578	112200	13200	112200	13200	0	0	0	0	0	0	0	0	0	0	0	0	4	0	0	0	0	0
1252	180	178200000	2579	112200	13200	112200	13200	0	0	0	0	0	0	0	0	0	0	0	0	4	0	0	0	0	0
1252	181	178200000	2580	112200	13200	112200	13200	0	0	0	0	0	0	0	0	0	0	0	0	4	0	0	0	0	0
1252	182	178200000	2581	112200	13200	112200	13200	0	0	0	0	0	0	0	0	0	0	0	0	4	0	0	0	0	0
1252	183	178200000	2582	112200	13200	112200	13200	0	0	0	0	0	0	0	0	0	0	0	0	4	0	0	0	0	0
1252	184	178200000	2583	112200	13200	112200	13200	0	0	0	0	0	0	0	0	0	0	0	0	4	0	0	0	0	0
1252	185	178200000	2584	112200	13200	112200	13200	0	0	0	0	0	0	0	0	0	0	0	0	4	0	0	0	0	0
1252	186	178200000	2585	112200	13200	112200	13200	0	0	0	0	0	0	0	0	0	0	0	0	4	0	0	0	0	0
1252	187	178200000	2586	112200	13200	112200	13200	0	0	0	0	0	0	0	0	0	0	0	0	4	0	0	0	0	0
1252	188	178200000	2587	112200	13200	112200	13200	0	0	0	0	0	0	0	0	0	0	0	0	4	0	0	0	0	0
1252	189	178200000	2588	112200	13200	112200	13200	0	0	0	0	0	0	0	0	0	0	0	0	4	0	0	0	0	0
1252	190	178200000	2589	112200	13200	112200	13200	0	0	0	0	0	0	0	0	0	0	0	0	4	0	0	0	0	0
1252	191	178200000	2590	112200	13200	112200	13200	0	0	0	0	0	0	0	0	0	0	0	0	4	0	0	0	0	0
1252	192	178200000	2591	112200	13200	112200	13200	0	0	0	0	0	0	0	0	0	0	0	0	4	0	0	0	0	0
1252	193	178200000	2592	112200	13200	112200	13200	0	0	0	0	0	0	0	0	0	0	0	0	4	0	0	0	0	0
1252	194	178200000	2593	112200	13200	112200	13200	0	0	0	0	0	0	0	0	0	0	0	0	4	0	0	0	0	0
1252	195	178200000	2594	112200	13200	112200	13200	0	0	0	0	0	0	0	0	0	0	0	0	4	0	0	0	0	0
1252	196	178200000	2595	112200	13200	112200	13200	0	0	0	0	0	0	0	0	0	0	0	0	4	0	0	0	0	0
1252	197	178200000	2596	112200	13200	112200	13200	0	0	0	0	0	0	0	0	0	0	0	0	4	0	0	0	0	0
1252	198	178200000	2597	112200	13200	112200	13200	0	0	0	0	0	0	0	0	0	0	0	0	4	0	0	0	0	0
1252	199	178200000	2598	112200	13200	112200	13200	0	0	0	0	0	0	0	0	0	0	0	0	4	0	0	0	0	0
1252	200	178200000	2599	112200	13200	112200	13200	0	0	0	0	0	0	0	0	0	0	0	0	4	0	0	0	0	0
